año,mes,nacion,5 estrellas,4 estrellas,3 estrellas,1 y 2 estrellas,hoteleros,extrahoteleros,total
2006,1,España,1707,3003,906,363,5979,2614,8593
2006,1,Holanda,44,832,502,20,1398,3351,4749
2006,1,Bélgica,290,2123,348,31,2792,917,3709
2006,1,Alemania,949,3512,1889,169,6519,2616,9135
2006,1,Francia,106,310,541,371,1328,683,2011
2006,1,Gran Bretaña,2316,10987,6908,197,20408,33540,53948
2006,1,Irlanda,9,196,45,7,257,856,1113
2006,1,Italia,630,2491,1048,39,4208,991,5199
2006,1,Suecia,157,846,985,24,2012,8618,10630
2006,1,Noruega,21,324,356,53,754,6069,6823
2006,1,Dinamarca,28,346,1333,13,1720,6921,8641
2006,1,Finlandia,368,700,1227,85,2380,7428,9808
2006,1,Suiza,58,129,56,28,271,501,772
2006,1,Austria,16,356,33,19,424,439,863
2006,1,Rusia,276,563,21,1,861,404,1265
2006,1,Países del Este,77,434,13,5,529,378,907
2006,1,Resto de Europa,218,140,198,5,561,382,943
2006,1,Estados Unidos,32,46,9,7,94,137,231
2006,1,Resto de América,2,27,26,45,100,109,209
2006,1,Resto del Mundo,2,60,34,14,110,115,225
2006,2,España,1562,3116,799,338,5815,3193,9008
2006,2,Holanda,40,707,465,64,1276,3814,5090
2006,2,Bélgica,395,1474,351,30,2250,1000,3250
2006,2,Alemania,597,3408,1781,154,5940,2151,8091
2006,2,Francia,144,516,715,663,2038,985,3023
2006,2,Gran Bretaña,2011,10335,6517,125,18988,31555,50543
2006,2,Irlanda,19,221,56,9,305,884,1189
2006,2,Italia,815,1576,713,56,3160,619,3779
2006,2,Suecia,43,946,821,21,1831,6778,8609
2006,2,Noruega,17,358,382,39,796,4545,5341
2006,2,Dinamarca,40,429,943,15,1427,6449,7876
2006,2,Finlandia,329,642,1208,36,2215,6508,8723
2006,2,Suiza,100,161,82,14,357,307,664
2006,2,Austria,14,365,32,16,427,471,898
2006,2,Rusia,97,189,8,0,294,284,578
2006,2,Países del Este,15,375,29,10,429,407,836
2006,2,Resto de Europa,27,89,227,17,360,300,660
2006,2,Estados Unidos,124,66,20,5,215,109,324
2006,2,Resto de América,3,50,14,36,103,91,194
2006,2,Resto del Mundo,3,87,66,9,165,48,213
2006,3,España,1900,3111,624,427,6062,2867,8929
2006,3,Holanda,39,1027,684,55,1805,3418,5223
2006,3,Bélgica,297,1596,494,42,2429,1087,3516
2006,3,Alemania,857,4623,1966,180,7626,2601,10227
2006,3,Francia,249,506,895,735,2385,776,3161
2006,3,Gran Bretaña,2930,12019,8052,193,23194,39506,62700
2006,3,Irlanda,6,302,90,28,426,1066,1492
2006,3,Italia,686,1356,506,38,2586,463,3049
2006,3,Suecia,81,970,857,13,1921,6812,8733
2006,3,Noruega,27,444,332,24,827,4892,5719
2006,3,Dinamarca,58,473,837,6,1374,6311,7685
2006,3,Finlandia,273,870,1360,26,2529,6681,9210
2006,3,Suiza,55,283,49,10,397,410,807
2006,3,Austria,10,385,33,13,441,372,813
2006,3,Rusia,165,258,20,3,446,561,1007
2006,3,Países del Este,57,520,52,26,655,250,905
2006,3,Resto de Europa,10,186,234,18,448,421,869
2006,3,Estados Unidos,35,159,37,1,232,91,323
2006,3,Resto de América,11,22,17,39,89,57,146
2006,3,Resto del Mundo,11,245,17,31,304,125,429
2006,4,España,2868,6858,2852,580,13158,11199,24357
2006,4,Holanda,50,947,522,16,1535,3372,4907
2006,4,Bélgica,244,2202,679,14,3139,842,3981
2006,4,Alemania,926,4827,2098,155,8006,3158,11164
2006,4,Francia,163,700,1166,560,2589,1066,3655
2006,4,Gran Bretaña,2714,11425,6989,150,21278,36241,57519
2006,4,Irlanda,23,281,104,20,428,1327,1755
2006,4,Italia,324,1346,818,32,2520,552,3072
2006,4,Suecia,126,560,739,5,1430,3919,5349
2006,4,Noruega,24,224,168,14,430,1978,2408
2006,4,Dinamarca,21,329,775,0,1125,3145,4270
2006,4,Finlandia,105,315,557,2,979,2400,3379
2006,4,Suiza,38,149,79,41,307,569,876
2006,4,Austria,16,465,30,19,530,431,961
2006,4,Rusia,322,828,35,1,1186,629,1815
2006,4,Países del Este,54,476,133,16,679,478,1157
2006,4,Resto de Europa,72,459,282,29,842,401,1243
2006,4,Estados Unidos,4,119,4,5,132,153,285
2006,4,Resto de América,1,54,13,48,116,108,224
2006,4,Resto del Mundo,9,106,20,30,165,71,236
2006,5,España,2656,3760,2284,374,9074,5027,14101
2006,5,Holanda,34,1156,455,7,1652,3607,5259
2006,5,Bélgica,157,2047,359,9,2572,688,3260
2006,5,Alemania,583,3303,1629,129,5644,1577,7221
2006,5,Francia,156,447,430,286,1319,473,1792
2006,5,Gran Bretaña,2707,13476,7515,72,23770,34573,58343
2006,5,Irlanda,67,201,501,13,782,2705,3487
2006,5,Italia,598,1694,416,27,2735,253,2988
2006,5,Suecia,1,8,18,0,27,119,146
2006,5,Noruega,1,2,0,0,3,54,57
2006,5,Dinamarca,0,9,27,0,36,899,935
2006,5,Finlandia,1,14,6,1,22,384,406
2006,5,Suiza,44,143,122,23,332,324,656
2006,5,Austria,4,286,28,6,324,173,497
2006,5,Rusia,189,499,16,2,706,410,1116
2006,5,Países del Este,12,318,47,3,380,235,615
2006,5,Resto de Europa,28,353,153,14,548,893,1441
2006,5,Estados Unidos,9,70,1,0,80,89,169
2006,5,Resto de América,7,97,11,58,173,111,284
2006,5,Resto del Mundo,16,83,13,15,127,84,211
2006,6,España,3593,4629,2872,356,11450,6155,17605
2006,6,Holanda,24,1066,298,1,1389,3021,4410
2006,6,Bélgica,178,2238,463,7,2886,577,3463
2006,6,Alemania,413,3192,1723,132,5460,1609,7069
2006,6,Francia,69,221,574,242,1106,443,1549
2006,6,Gran Bretaña,1907,13059,8274,188,23428,41343,64771
2006,6,Irlanda,10,196,441,12,659,4015,4674
2006,6,Italia,128,1270,478,28,1904,336,2240
2006,6,Suecia,0,6,13,5,24,183,207
2006,6,Noruega,7,14,0,0,21,333,354
2006,6,Dinamarca,3,12,46,0,61,364,425
2006,6,Finlandia,2,7,0,0,9,420,429
2006,6,Suiza,39,124,80,25,268,325,593
2006,6,Austria,14,369,33,2,418,125,543
2006,6,Rusia,284,473,34,1,792,667,1459
2006,6,Países del Este,36,560,50,3,649,417,1066
2006,6,Resto de Europa,123,874,298,10,1305,1439,2744
2006,6,Estados Unidos,11,47,11,4,73,185,258
2006,6,Resto de América,14,49,14,54,131,148,279
2006,6,Resto del Mundo,10,179,17,19,225,191,416
2006,7,España,4140,7074,3149,548,14911,8988,23899
2006,7,Holanda,61,1092,792,7,1952,5911,7863
2006,7,Bélgica,150,1857,345,22,2374,1382,3756
2006,7,Alemania,398,2867,1947,137,5349,1857,7206
2006,7,Francia,121,378,596,364,1459,920,2379
2006,7,Gran Bretaña,1574,9948,8302,187,20011,42511,62522
2006,7,Irlanda,12,185,1007,3,1207,3746,4953
2006,7,Italia,163,2114,822,63,3162,734,3896
2006,7,Suecia,5,11,3,3,22,278,300
2006,7,Noruega,2,0,26,0,28,723,751
2006,7,Dinamarca,3,6,24,1,34,435,469
2006,7,Finlandia,0,22,0,2,24,121,145
2006,7,Suiza,16,180,120,10,326,445,771
2006,7,Austria,28,370,29,17,444,365,809
2006,7,Rusia,371,614,42,2,1029,687,1716
2006,7,Países del Este,61,743,70,26,900,674,1574
2006,7,Resto de Europa,170,1415,315,9,1909,1510,3419
2006,7,Estados Unidos,9,44,14,1,68,161,229
2006,7,Resto de América,50,45,19,56,170,117,287
2006,7,Resto del Mundo,13,152,369,22,556,174,730
2006,8,España,5980,9481,3257,728,19446,11917,31363
2006,8,Holanda,65,849,659,14,1587,4921,6508
2006,8,Bélgica,143,1863,358,1,2365,897,3262
2006,8,Alemania,335,3017,1990,126,5468,1810,7278
2006,8,Francia,105,371,689,486,1651,1028,2679
2006,8,Gran Bretaña,1194,9806,8081,117,19198,48673,67871
2006,8,Irlanda,7,136,928,10,1081,3851,4932
2006,8,Italia,192,2966,2012,275,5445,2125,7570
2006,8,Suecia,2,7,4,12,25,179,204
2006,8,Noruega,6,0,18,1,25,456,481
2006,8,Dinamarca,0,1,20,9,30,470,500
2006,8,Finlandia,0,0,3,1,4,12,16
2006,8,Suiza,12,128,77,7,224,285,509
2006,8,Austria,16,382,34,8,440,393,833
2006,8,Rusia,371,653,13,2,1039,817,1856
2006,8,Países del Este,112,1069,22,17,1220,586,1806
2006,8,Resto de Europa,194,2495,406,25,3120,2204,5324
2006,8,Estados Unidos,9,42,10,0,61,110,171
2006,8,Resto de América,22,76,15,41,154,177,331
2006,8,Resto del Mundo,43,203,441,7,694,155,849
2006,9,España,4118,6633,2316,439,13506,9026,22532
2006,9,Holanda,58,1245,506,13,1822,4089,5911
2006,9,Bélgica,178,1731,356,0,2265,952,3217
2006,9,Alemania,600,3507,1878,91,6076,1928,8004
2006,9,Francia,131,276,639,220,1266,691,1957
2006,9,Gran Bretaña,1855,14438,8496,56,24845,42561,67406
2006,9,Irlanda,30,302,968,6,1306,1947,3253
2006,9,Italia,175,1493,634,60,2362,482,2844
2006,9,Suecia,0,24,12,0,36,270,306
2006,9,Noruega,1,6,4,1,12,353,365
2006,9,Dinamarca,3,7,84,3,97,399,496
2006,9,Finlandia,9,21,15,0,45,131,176
2006,9,Suiza,30,143,106,12,291,541,832
2006,9,Austria,23,319,47,6,395,378,773
2006,9,Rusia,430,399,51,3,883,524,1407
2006,9,Países del Este,115,1028,59,24,1226,532,1758
2006,9,Resto de Europa,142,1635,445,10,2232,1246,3478
2006,9,Estados Unidos,18,77,5,7,107,118,225
2006,9,Resto de América,71,67,16,46,200,108,308
2006,9,Resto del Mundo,34,157,167,24,382,180,562
2006,10,España,4939,5658,2052,997,13646,5186,18832
2006,10,Holanda,102,1564,674,37,2377,4092,6469
2006,10,Bélgica,161,1748,496,57,2462,1057,3519
2006,10,Alemania,510,3616,2051,353,6530,2383,8913
2006,10,Francia,131,576,854,41,1602,889,2491
2006,10,Gran Bretaña,1871,16903,8685,311,27770,45447,73217
2006,10,Irlanda,32,468,639,450,1589,2021,3610
2006,10,Italia,209,1897,868,87,3061,418,3479
2006,10,Suecia,15,1354,832,45,2246,4590,6836
2006,10,Noruega,39,108,195,25,367,3028,3395
2006,10,Dinamarca,39,240,426,8,713,2519,3232
2006,10,Finlandia,86,143,442,8,679,2940,3619
2006,10,Suiza,84,295,223,65,667,805,1472
2006,10,Austria,15,321,42,20,398,522,920
2006,10,Rusia,274,439,81,8,802,585,1387
2006,10,Países del Este,73,483,44,90,690,285,975
2006,10,Resto de Europa,54,528,226,37,845,906,1751
2006,10,Estados Unidos,62,45,20,16,143,56,199
2006,10,Resto de América,29,48,12,209,298,58,356
2006,10,Resto del Mundo,95,155,237,49,536,158,694
2006,11,España,2999,3207,953,882,8041,4095,12136
2006,11,Holanda,39,1329,513,70,1951,2867,4818
2006,11,Bélgica,148,1937,395,49,2529,1043,3572
2006,11,Alemania,867,4338,1678,466,7349,3472,10821
2006,11,Francia,59,364,396,54,873,453,1326
2006,11,Gran Bretaña,1476,13286,7328,296,22386,32916,55302
2006,11,Irlanda,33,332,45,397,807,714,1521
2006,11,Italia,461,1349,398,143,2351,325,2676
2006,11,Suecia,104,1698,694,12,2508,5728,8236
2006,11,Noruega,82,303,346,41,772,4277,5049
2006,11,Dinamarca,84,483,351,24,942,4233,5175
2006,11,Finlandia,436,179,894,33,1542,4103,5645
2006,11,Suiza,102,436,80,25,643,588,1231
2006,11,Austria,54,467,33,20,574,491,1065
2006,11,Rusia,147,630,70,33,880,568,1448
2006,11,Países del Este,65,435,99,57,656,215,871
2006,11,Resto de Europa,61,189,172,12,434,485,919
2006,11,Estados Unidos,3,41,10,4,58,75,133
2006,11,Resto de América,13,75,5,180,273,51,324
2006,11,Resto del Mundo,51,210,185,78,524,79,603
2006,12,España,3663,3023,1193,972,8851,3989,12840
2006,12,Holanda,57,1204,523,45,1829,3228,5057
2006,12,Bélgica,237,2186,350,45,2818,1387,4205
2006,12,Alemania,633,2674,1140,353,4800,3042,7842
2006,12,Francia,84,364,445,53,946,732,1678
2006,12,Gran Bretaña,2441,15417,7723,586,26167,34973,61140
2006,12,Irlanda,35,437,57,49,578,1072,1650
2006,12,Italia,342,522,535,78,1477,895,2372
2006,12,Suecia,46,2087,853,45,3031,7329,10360
2006,12,Noruega,50,131,236,82,499,5537,6036
2006,12,Dinamarca,52,326,420,8,806,5116,5922
2006,12,Finlandia,369,269,958,0,1596,4930,6526
2006,12,Suiza,38,133,51,12,234,405,639
2006,12,Austria,30,291,27,37,385,432,817
2006,12,Rusia,275,200,12,12,499,378,877
2006,12,Países del Este,122,406,111,57,696,501,1197
2006,12,Resto de Europa,75,236,137,90,538,507,1045
2006,12,Estados Unidos,22,65,10,12,109,148,257
2006,12,Resto de América,12,68,18,176,274,121,395
2006,12,Resto del Mundo,54,188,222,57,521,1306,1827
2006,13,España,40125,59553,23257,7004,129939,74256,204195
2006,13,Holanda,613,13018,6593,349,20573,45691,66264
2006,13,Bélgica,2578,23002,4994,307,30881,11829,42710
2006,13,Alemania,7668,42884,21770,2445,74767,28204,102971
2006,13,Francia,1518,5029,7940,4075,18562,9139,27701
2006,13,Gran Bretaña,24996,151099,92870,2478,271443,463839,735282
2006,13,Irlanda,283,3257,4881,1004,9425,24204,33629
2006,13,Italia,4723,20074,9248,926,34971,8193,43164
2006,13,Suecia,580,8517,5831,185,15113,44803,59916
2006,13,Noruega,277,1914,2063,280,4534,32245,36779
2006,13,Dinamarca,331,2661,5286,87,8365,37261,45626
2006,13,Finlandia,1978,3182,6670,194,12024,36058,48082
2006,13,Suiza,616,2304,1125,272,4317,5505,9822
2006,13,Austria,240,4376,401,183,5200,4592,9792
2006,13,Rusia,3201,5745,403,68,9417,6514,15931
2006,13,Países del Este,799,6847,729,334,8709,4958,13667
2006,13,Resto de Europa,1174,8599,3093,276,13142,10694,23836
2006,13,Estados Unidos,338,821,151,62,1372,1432,2804
2006,13,Resto de América,235,678,180,988,2081,1256,3337
2006,13,Resto del Mundo,341,1825,1788,355,4309,2686,6995
2007,1,España,2881,2299,526,337,6043,3523,9566
2007,1,Holanda,39,1028,520,74,1661,3448,5109
2007,1,Bélgica,130,1996,399,27,2552,1019,3571
2007,1,Alemania,608,3258,1516,136,5518,2680,8198
2007,1,Francia,139,409,534,240,1322,621,1943
2007,1,Gran Bretaña,2629,11310,6836,124,20899,28656,49555
2007,1,Irlanda,50,427,68,14,559,1051,1610
2007,1,Italia,421,3124,1049,52,4646,896,5542
2007,1,Suecia,100,1980,1181,9,3270,6917,10187
2007,1,Noruega,104,290,387,21,802,4190,4992
2007,1,Dinamarca,130,344,605,17,1096,6640,7736
2007,1,Finlandia,358,147,1178,9,1692,4528,6220
2007,1,Suiza,39,206,33,6,284,216,500
2007,1,Austria,24,331,23,27,405,407,812
2007,1,Rusia,306,1225,29,9,1569,787,2356
2007,1,Países del Este,109,639,50,37,835,296,1131
2007,1,Resto de Europa,167,290,49,15,521,556,1077
2007,1,Estados Unidos,37,45,1,3,86,99,185
2007,1,Resto de América,7,39,13,52,111,107,218
2007,1,Resto del Mundo,146,132,146,24,448,34,482
2007,2,España,1815,2227,754,395,5191,4220,9411
2007,2,Holanda,46,1053,533,40,1672,3754,5426
2007,2,Bélgica,247,1506,387,35,2175,814,2989
2007,2,Alemania,629,2671,1208,140,4648,2240,6888
2007,2,Francia,149,581,841,277,1848,1096,2944
2007,2,Gran Bretaña,2711,11329,6432,300,20772,33988,54760
2007,2,Irlanda,38,510,80,9,637,1180,1817
2007,2,Italia,652,2046,944,84,3726,635,4361
2007,2,Suecia,143,1953,1141,24,3261,6777,10038
2007,2,Noruega,75,269,606,9,959,5166,6125
2007,2,Dinamarca,114,448,828,15,1405,6070,7475
2007,2,Finlandia,425,184,934,5,1548,5472,7020
2007,2,Suiza,44,195,51,13,303,289,592
2007,2,Austria,18,398,20,17,453,379,832
2007,2,Rusia,242,363,20,12,637,193,830
2007,2,Países del Este,31,438,59,38,566,391,957
2007,2,Resto de Europa,114,326,88,3,531,600,1131
2007,2,Estados Unidos,49,61,5,10,125,94,219
2007,2,Resto de América,13,58,3,40,114,102,216
2007,2,Resto del Mundo,113,194,209,35,551,88,639
2007,3,España,2950,2939,806,456,7151,4926,12077
2007,3,Holanda,44,1291,607,63,2005,4082,6087
2007,3,Bélgica,205,2117,568,26,2916,897,3813
2007,3,Alemania,665,3862,2370,263,7160,2873,10033
2007,3,Francia,201,632,917,427,2177,612,2789
2007,3,Gran Bretaña,2589,13519,7739,415,24262,37575,61837
2007,3,Irlanda,29,700,68,34,831,1402,2233
2007,3,Italia,678,1608,919,104,3309,447,3756
2007,3,Suecia,108,1918,1041,16,3083,6138,9221
2007,3,Noruega,112,305,293,19,729,4863,5592
2007,3,Dinamarca,128,523,314,9,974,5549,6523
2007,3,Finlandia,538,272,1300,2,2112,6080,8192
2007,3,Suiza,21,217,40,7,285,344,629
2007,3,Austria,12,330,33,12,387,449,836
2007,3,Rusia,300,260,19,14,593,324,917
2007,3,Países del Este,52,419,41,53,565,193,758
2007,3,Resto de Europa,138,620,122,17,897,847,1744
2007,3,Estados Unidos,57,213,10,8,288,121,409
2007,3,Resto de América,27,48,12,63,150,117,267
2007,3,Resto del Mundo,74,219,19,23,335,191,526
2007,4,España,2262,5699,1859,558,10378,9446,19824
2007,4,Holanda,19,1338,687,4,2048,3385,5433
2007,4,Bélgica,237,1992,625,5,2859,741,3600
2007,4,Alemania,494,2959,1952,129,5534,2703,8237
2007,4,Francia,182,999,885,348,2414,823,3237
2007,4,Gran Bretaña,1963,9950,5413,117,17443,28710,46153
2007,4,Irlanda,21,537,156,9,723,1424,2147
2007,4,Italia,350,1755,831,60,2996,629,3625
2007,4,Suecia,37,1063,902,8,2010,3136,5146
2007,4,Noruega,13,207,290,7,517,2161,2678
2007,4,Dinamarca,27,216,375,3,621,3344,3965
2007,4,Finlandia,171,126,530,0,827,1955,2782
2007,4,Suiza,33,250,72,15,370,497,867
2007,4,Austria,7,342,29,6,384,313,697
2007,4,Rusia,263,719,21,11,1014,587,1601
2007,4,Países del Este,26,692,59,11,788,316,1104
2007,4,Resto de Europa,119,294,121,3,537,845,1382
2007,4,Estados Unidos,14,134,9,10,167,90,257
2007,4,Resto de América,11,83,10,50,154,88,242
2007,4,Resto del Mundo,37,704,23,26,790,139,929
2007,5,España,2555,4018,1778,339,8690,3711,12401
2007,5,Holanda,62,1189,309,8,1568,3264,4832
2007,5,Bélgica,107,2411,374,15,2907,405,3312
2007,5,Alemania,608,2629,1711,59,5007,1648,6655
2007,5,Francia,132,336,247,130,845,582,1427
2007,5,Gran Bretaña,1976,11702,7613,83,21374,34069,55443
2007,5,Irlanda,42,335,163,22,562,3262,3824
2007,5,Italia,148,1071,224,37,1480,205,1685
2007,5,Suecia,2,7,2,0,11,148,159
2007,5,Noruega,0,13,3,0,16,19,35
2007,5,Dinamarca,6,15,135,3,159,1862,2021
2007,5,Finlandia,0,5,3,0,8,8,16
2007,5,Suiza,35,221,53,22,331,318,649
2007,5,Austria,17,316,25,2,360,195,555
2007,5,Rusia,338,608,43,5,994,191,1185
2007,5,Países del Este,78,406,41,2,527,136,663
2007,5,Resto de Europa,90,332,130,11,563,1072,1635
2007,5,Estados Unidos,44,54,1,0,99,89,188
2007,5,Resto de América,10,44,18,49,121,95,216
2007,5,Resto del Mundo,189,103,63,19,374,176,550
2007,6,España,3370,6874,2893,454,13591,7972,21563
2007,6,Holanda,20,1082,520,10,1632,3187,4819
2007,6,Bélgica,141,2294,369,8,2812,431,3243
2007,6,Alemania,493,2739,1760,46,5038,1681,6719
2007,6,Francia,229,439,367,135,1170,476,1646
2007,6,Gran Bretaña,1656,12059,7639,45,21399,36355,57754
2007,6,Irlanda,21,408,167,7,603,3923,4526
2007,6,Italia,425,936,306,44,1711,376,2087
2007,6,Suecia,11,21,7,7,46,224,270
2007,6,Noruega,5,0,0,2,7,295,302
2007,6,Dinamarca,2,20,99,2,123,874,997
2007,6,Finlandia,16,0,0,5,21,39,60
2007,6,Suiza,17,213,47,13,290,298,588
2007,6,Austria,30,386,21,4,441,279,720
2007,6,Rusia,352,585,41,0,978,628,1606
2007,6,Países del Este,77,679,43,13,812,178,990
2007,6,Resto de Europa,100,929,170,9,1208,1430,2638
2007,6,Estados Unidos,5,21,5,1,32,96,128
2007,6,Resto de América,9,45,13,75,142,60,202
2007,6,Resto del Mundo,126,189,87,23,425,289,714
2007,7,España,4176,8196,3747,370,16489,10734,27223
2007,7,Holanda,91,1603,1038,56,2788,5320,8108
2007,7,Bélgica,83,1942,492,10,2527,1122,3649
2007,7,Alemania,122,2790,1908,57,4877,1542,6419
2007,7,Francia,49,423,49,116,637,994,1631
2007,7,Gran Bretaña,2536,10367,7463,89,20455,36246,56701
2007,7,Irlanda,22,301,217,0,540,3531,4071
2007,7,Italia,77,1737,645,53,2512,905,3417
2007,7,Suecia,8,13,13,2,36,306,342
2007,7,Noruega,0,12,4,0,16,964,980
2007,7,Dinamarca,0,48,101,2,151,1386,1537
2007,7,Finlandia,0,3,1,1,5,32,37
2007,7,Suiza,16,254,119,9,398,562,960
2007,7,Austria,0,428,40,9,477,345,822
2007,7,Rusia,444,597,52,0,1093,582,1675
2007,7,Países del Este,99,892,65,14,1070,607,1677
2007,7,Resto de Europa,201,1642,182,14,2039,2107,4146
2007,7,Estados Unidos,30,32,6,2,70,142,212
2007,7,Resto de América,20,48,21,39,128,140,268
2007,7,Resto del Mundo,527,192,113,23,855,384,1239
2007,8,España,4371,9351,3832,531,18085,13818,31903
2007,8,Holanda,11,1211,1265,43,2530,4675,7205
2007,8,Bélgica,202,2455,755,19,3431,891,4322
2007,8,Alemania,538,2170,2794,86,5588,2098,7686
2007,8,Francia,132,498,102,122,854,1396,2250
2007,8,Gran Bretaña,1399,9305,8290,66,19060,41855,60915
2007,8,Irlanda,4,293,198,1,496,3557,4053
2007,8,Italia,349,3009,1083,301,4742,2402,7144
2007,8,Suecia,2,13,4,7,26,238,264
2007,8,Noruega,0,8,0,6,14,562,576
2007,8,Dinamarca,0,23,108,0,131,1384,1515
2007,8,Finlandia,0,10,1,0,11,62,73
2007,8,Suiza,9,224,110,7,350,349,699
2007,8,Austria,11,398,18,5,432,224,656
2007,8,Rusia,344,974,22,0,1340,709,2049
2007,8,Países del Este,145,1199,110,18,1472,580,2052
2007,8,Resto de Europa,261,1450,199,21,1931,2307,4238
2007,8,Estados Unidos,6,20,7,8,41,99,140
2007,8,Resto de América,17,50,29,66,162,165,327
2007,8,Resto del Mundo,35,215,41,17,308,413,721
2007,9,España,2558,7129,3627,377,13691,8740,22431
2007,9,Holanda,157,1015,611,5,1788,3196,4984
2007,9,Bélgica,114,1994,564,14,2686,597,3283
2007,9,Alemania,331,2800,1808,154,5093,2113,7206
2007,9,Francia,103,284,56,128,571,538,1109
2007,9,Gran Bretaña,2002,11512,7743,81,21338,32783,54121
2007,9,Irlanda,73,229,434,6,742,2597,3339
2007,9,Italia,137,997,266,89,1489,263,1752
2007,9,Suecia,12,21,18,0,51,267,318
2007,9,Noruega,5,7,11,5,28,719,747
2007,9,Dinamarca,2,25,285,2,314,885,1199
2007,9,Finlandia,4,4,0,0,8,43,51
2007,9,Suiza,49,214,80,11,354,614,968
2007,9,Austria,25,342,33,5,405,261,666
2007,9,Rusia,345,386,22,1,754,566,1320
2007,9,Países del Este,196,1154,85,27,1462,215,1677
2007,9,Resto de Europa,346,1042,195,34,1617,965,2582
2007,9,Estados Unidos,15,45,5,1,66,62,128
2007,9,Resto de América,127,34,13,45,219,202,421
2007,9,Resto del Mundo,1070,174,145,33,1422,200,1622
2007,10,España,2369,4292,2351,286,9298,5446,14744
2007,10,Holanda,54,1523,892,30,2499,4956,7455
2007,10,Bélgica,205,1920,624,10,2759,800,3559
2007,10,Alemania,547,2767,1626,98,5038,2003,7041
2007,10,Francia,185,445,56,197,883,775,1658
2007,10,Gran Bretaña,2512,14572,9321,117,26522,39941,66463
2007,10,Irlanda,117,362,251,45,775,1794,2569
2007,10,Italia,985,572,273,83,1913,267,2180
2007,10,Suecia,73,1314,1946,2,3335,3635,6970
2007,10,Noruega,219,135,148,9,511,4057,4568
2007,10,Dinamarca,97,245,231,0,573,3315,3888
2007,10,Finlandia,264,149,272,3,688,3173,3861
2007,10,Suiza,77,220,132,21,450,661,1111
2007,10,Austria,15,365,35,11,426,391,817
2007,10,Rusia,319,482,113,8,922,544,1466
2007,10,Países del Este,71,558,113,30,772,128,900
2007,10,Resto de Europa,203,781,102,47,1133,1253,2386
2007,10,Estados Unidos,40,48,2,3,93,60,153
2007,10,Resto de América,23,24,6,61,114,128,242
2007,10,Resto del Mundo,26,231,186,34,477,438,915
2007,11,España,1880,3880,1285,383,7428,2895,10323
2007,11,Holanda,48,1155,669,23,1895,2887,4782
2007,11,Bélgica,276,1778,377,21,2452,398,2850
2007,11,Alemania,781,4062,1542,200,6585,2661,9246
2007,11,Francia,109,313,42,184,648,326,974
2007,11,Gran Bretaña,2961,11997,7815,397,23170,33836,57006
2007,11,Irlanda,131,478,264,63,936,1268,2204
2007,11,Italia,403,727,195,85,1410,269,1679
2007,11,Suecia,172,1614,1910,18,3714,7902,11616
2007,11,Noruega,201,304,439,5,949,6647,7596
2007,11,Dinamarca,126,345,386,5,862,6953,7815
2007,11,Finlandia,424,251,981,8,1664,6267,7931
2007,11,Suiza,101,259,57,34,451,536,987
2007,11,Austria,63,436,30,9,538,580,1118
2007,11,Rusia,334,953,80,2,1369,141,1510
2007,11,Países del Este,142,469,219,66,896,105,1001
2007,11,Resto de Europa,125,418,86,16,645,1491,2136
2007,11,Estados Unidos,12,51,23,10,96,18,114
2007,11,Resto de América,19,18,7,58,102,67,169
2007,11,Resto del Mundo,51,155,179,36,421,252,673
2007,12,España,2068,3424,1099,32,6623,2601,9224
2007,12,Holanda,37,882,435,27,1381,3193,4574
2007,12,Bélgica,167,2259,456,13,2895,927,3822
2007,12,Alemania,547,3083,1324,27,4981,2200,7181
2007,12,Francia,139,312,60,276,787,496,1283
2007,12,Gran Bretaña,2582,12165,6425,475,21647,30336,51983
2007,12,Irlanda,174,351,249,0,774,1482,2256
2007,12,Italia,195,938,420,29,1582,576,2158
2007,12,Suecia,76,1360,2436,0,3872,8870,12742
2007,12,Noruega,44,204,508,0,756,6840,7596
2007,12,Dinamarca,48,194,353,16,611,8433,9044
2007,12,Finlandia,746,233,1019,0,1998,8958,10956
2007,12,Suiza,60,165,40,0,265,429,694
2007,12,Austria,44,263,50,0,357,433,790
2007,12,Rusia,194,731,45,1,971,289,1260
2007,12,Países del Este,216,480,175,6,877,354,1231
2007,12,Resto de Europa,179,208,52,3,442,1233,1675
2007,12,Estados Unidos,14,51,2,1,68,134,202
2007,12,Resto de América,19,36,8,8,71,165,236
2007,12,Resto del Mundo,63,153,136,46,398,429,827
2007,13,España,33255,60328,24557,4518,122658,78032,200690
2007,13,Holanda,628,14370,8086,383,23467,45347,68814
2007,13,Bélgica,2114,24664,5990,203,32971,9042,42013
2007,13,Alemania,6363,35790,21519,1395,65067,26442,91509
2007,13,Francia,1749,5671,4156,2580,14156,8735,22891
2007,13,Gran Bretaña,27516,139787,88729,2309,258341,414350,672691
2007,13,Irlanda,722,4931,2315,210,8178,26471,34649
2007,13,Italia,4820,18520,7155,1021,31516,7870,39386
2007,13,Suecia,744,11277,10601,93,22715,44558,67273
2007,13,Noruega,778,1754,2689,83,5304,36483,41787
2007,13,Dinamarca,680,2446,3820,74,7020,46695,53715
2007,13,Finlandia,2946,1384,6219,33,10582,36617,47199
2007,13,Suiza,501,2638,834,158,4131,5113,9244
2007,13,Austria,266,4335,357,107,5065,4256,9321
2007,13,Rusia,3781,7883,507,63,12234,5541,17775
2007,13,Países del Este,1242,8025,1060,315,10642,3499,14141
2007,13,Resto de Europa,2043,8332,1496,193,12064,14706,26770
2007,13,Estados Unidos,323,775,76,57,1231,1104,2335
2007,13,Resto de América,302,527,153,606,1588,1436,3024
2007,13,Resto del Mundo,2457,2661,1347,339,6804,3033,9837
2008,1,España,1090,2539,667,266,4562,2063,6625
2008,1,Holanda,186,1113,485,37,1821,2835,4656
2008,1,Bélgica,331,2335,420,44,3130,643,3773
2008,1,Alemania,392,3638,1701,220,5951,2231,8182
2008,1,Francia,953,446,62,269,1730,499,2229
2008,1,Gran Bretaña,2255,10711,7051,333,20350,32076,52426
2008,1,Irlanda,133,616,367,35,1151,1413,2564
2008,1,Italia,835,2156,779,84,3854,864,4718
2008,1,Suecia,47,1384,2346,7,3784,5719,9503
2008,1,Noruega,51,761,487,36,1335,5642,6977
2008,1,Dinamarca,53,528,313,19,913,7309,8222
2008,1,Finlandia,135,271,937,14,1357,6751,8108
2008,1,Suiza,61,199,24,27,311,365,676
2008,1,Austria,44,313,40,9,406,311,717
2008,1,Rusia,179,1068,44,2,1293,359,1652
2008,1,Países del Este,57,427,286,58,828,252,1080
2008,1,Resto de Europa,115,744,92,8,959,1284,2243
2008,1,Estados Unidos,21,62,4,5,92,133,225
2008,1,Resto de América,13,30,9,60,112,164,276
2008,1,Resto del Mundo,78,131,150,79,438,319,757
2008,2,España,1456,2445,857,43,4801,2593,7394
2008,2,Holanda,81,817,758,7,1663,4095,5758
2008,2,Bélgica,265,1148,549,19,1981,742,2723
2008,2,Alemania,567,2767,2044,62,5440,2191,7631
2008,2,Francia,190,340,103,351,984,1433,2417
2008,2,Gran Bretaña,2618,13399,6926,451,23394,37250,60644
2008,2,Irlanda,177,812,412,12,1413,1520,2933
2008,2,Italia,640,1357,682,49,2728,459,3187
2008,2,Suecia,103,2497,2258,0,4858,7393,12251
2008,2,Noruega,84,334,512,0,930,6775,7705
2008,2,Dinamarca,111,501,284,3,899,8017,8916
2008,2,Finlandia,392,415,1029,1,1837,8135,9972
2008,2,Suiza,48,57,54,7,166,457,623
2008,2,Austria,44,125,40,4,213,491,704
2008,2,Rusia,317,518,37,0,872,144,1016
2008,2,Países del Este,50,461,196,36,743,194,937
2008,2,Resto de Europa,134,241,73,9,457,984,1441
2008,2,Estados Unidos,16,77,15,1,109,114,223
2008,2,Resto de América,10,25,9,4,48,164,212
2008,2,Resto del Mundo,32,116,11,38,197,128,325
2008,3,España,2611,3933,1393,302,8239,4582,12821
2008,3,Holanda,78,1083,705,19,1885,3732,5617
2008,3,Bélgica,360,1679,553,33,2625,650,3275
2008,3,Alemania,770,3601,1861,173,6405,2689,9094
2008,3,Francia,140,563,83,403,1189,447,1636
2008,3,Gran Bretaña,2869,13188,6723,594,23374,35484,58858
2008,3,Irlanda,170,835,413,118,1536,2136,3672
2008,3,Italia,527,968,796,45,2336,324,2660
2008,3,Suecia,86,2186,2369,14,4655,9460,14115
2008,3,Noruega,117,371,508,12,1008,8161,9169
2008,3,Dinamarca,85,427,435,19,966,8066,9032
2008,3,Finlandia,461,375,1167,3,2006,7225,9231
2008,3,Suiza,81,300,159,9,549,522,1071
2008,3,Austria,46,430,42,11,529,414,943
2008,3,Rusia,328,475,104,1,908,297,1205
2008,3,Países del Este,77,1028,181,39,1325,283,1608
2008,3,Resto de Europa,155,647,67,12,881,1153,2034
2008,3,Estados Unidos,22,188,63,10,283,124,407
2008,3,Resto de América,19,59,3,38,119,137,256
2008,3,Resto del Mundo,78,294,22,71,465,130,595
2008,4,España,2053,3601,2699,252,8605,6314,14919
2008,4,Holanda,69,1654,681,30,2434,4128,6562
2008,4,Bélgica,156,1813,572,19,2560,236,2796
2008,4,Alemania,930,3851,1753,132,6666,2445,9111
2008,4,Francia,168,738,214,327,1447,1018,2465
2008,4,Gran Bretaña,3390,11729,7052,246,22417,35288,57705
2008,4,Irlanda,71,604,232,35,942,1576,2518
2008,4,Italia,261,966,390,45,1662,321,1983
2008,4,Suecia,24,563,917,2,1506,2757,4263
2008,4,Noruega,36,88,82,2,208,1970,2178
2008,4,Dinamarca,38,129,221,3,391,2667,3058
2008,4,Finlandia,186,91,579,3,859,1709,2568
2008,4,Suiza,91,326,129,10,556,693,1249
2008,4,Austria,26,385,40,6,457,372,829
2008,4,Rusia,543,842,117,2,1504,236,1740
2008,4,Países del Este,79,916,187,28,1210,307,1517
2008,4,Resto de Europa,239,587,49,11,886,1307,2193
2008,4,Estados Unidos,16,69,18,8,111,103,214
2008,4,Resto de América,10,29,24,34,97,89,186
2008,4,Resto del Mundo,144,164,91,63,462,346,808
2008,5,España,3270,5770,3464,235,12739,8844,21583
2008,5,Holanda,102,1433,417,15,1967,3350,5317
2008,5,Bélgica,199,2596,482,14,3291,264,3555
2008,5,Alemania,780,2941,1642,63,5426,1766,7192
2008,5,Francia,163,435,95,386,1079,650,1729
2008,5,Gran Bretaña,2337,13059,7976,109,23481,34227,57708
2008,5,Irlanda,142,721,453,20,1336,2736,4072
2008,5,Italia,178,1046,411,52,1687,360,2047
2008,5,Suecia,0,40,74,2,116,106,222
2008,5,Noruega,0,68,22,0,90,454,544
2008,5,Dinamarca,1,1,53,2,57,1507,1564
2008,5,Finlandia,0,4,1,5,10,7,17
2008,5,Suiza,21,360,83,3,467,454,921
2008,5,Austria,27,394,33,5,459,274,733
2008,5,Rusia,424,997,92,7,1520,283,1803
2008,5,Países del Este,64,367,211,209,851,317,1168
2008,5,Resto de Europa,144,670,67,22,903,1152,2055
2008,5,Estados Unidos,4,35,27,2,68,86,154
2008,5,Resto de América,45,73,31,50,199,156,355
2008,5,Resto del Mundo,146,154,104,24,428,523,951
2008,6,España,3065,5537,4128,912,13642,11418,25060
2008,6,Holanda,20,941,461,0,1422,4572,5994
2008,6,Bélgica,164,1936,495,5,2600,275,2875
2008,6,Alemania,722,2300,1311,128,4461,1623,6084
2008,6,Francia,69,355,33,49,506,396,902
2008,6,Gran Bretaña,2091,11250,7578,132,21051,38956,60007
2008,6,Irlanda,163,686,519,0,1368,3026,4394
2008,6,Italia,240,1206,434,133,2013,396,2409
2008,6,Suecia,3,5,40,0,48,247,295
2008,6,Noruega,20,33,41,10,104,915,1019
2008,6,Dinamarca,5,10,3,0,18,1165,1183
2008,6,Finlandia,0,9,0,3,12,31,43
2008,6,Suiza,21,273,88,5,387,464,851
2008,6,Austria,48,339,61,20,468,297,765
2008,6,Rusia,412,460,33,0,905,318,1223
2008,6,Países del Este,208,970,294,19,1491,680,2171
2008,6,Resto de Europa,189,1370,101,44,1704,2309,4013
2008,6,Estados Unidos,34,50,14,17,115,108,223
2008,6,Resto de América,12,51,38,134,235,232,467
2008,6,Resto del Mundo,47,178,202,102,529,352,881
2008,7,España,3842,7480,3902,740,15964,11116,27080
2008,7,Holanda,51,1344,922,38,2355,5288,7643
2008,7,Bélgica,45,2346,556,66,3013,430,3443
2008,7,Alemania,263,2392,1878,143,4676,1121,5797
2008,7,Francia,47,281,66,38,432,859,1291
2008,7,Gran Bretaña,1713,10533,7582,148,19976,43562,63538
2008,7,Irlanda,59,527,480,15,1081,2631,3712
2008,7,Italia,130,1531,868,112,2641,753,3394
2008,7,Suecia,0,18,112,10,140,454,594
2008,7,Noruega,0,24,13,10,47,1921,1968
2008,7,Dinamarca,4,3,31,0,38,1506,1544
2008,7,Finlandia,0,2,0,0,2,79,81
2008,7,Suiza,22,420,122,38,602,610,1212
2008,7,Austria,6,489,53,15,563,318,881
2008,7,Rusia,650,822,67,15,1554,578,2132
2008,7,Países del Este,257,1251,349,100,1957,536,2493
2008,7,Resto de Europa,417,1475,105,56,2053,2335,4388
2008,7,Estados Unidos,51,47,3,0,101,67,168
2008,7,Resto de América,12,47,31,155,245,207,452
2008,7,Resto del Mundo,105,259,180,27,571,464,1035
2008,8,España,4073,9378,3932,1275,18658,17677,36335
2008,8,Holanda,17,1162,815,17,2011,5582,7593
2008,8,Bélgica,159,2113,258,97,2627,529,3156
2008,8,Alemania,619,2736,2066,301,5722,1370,7092
2008,8,Francia,151,504,103,122,880,1419,2299
2008,8,Gran Bretaña,1428,10025,6681,211,18345,42826,61171
2008,8,Irlanda,55,457,612,41,1165,2354,3519
2008,8,Italia,429,3070,1217,237,4953,3270,8223
2008,8,Suecia,4,22,28,10,64,259,323
2008,8,Noruega,6,24,16,15,61,967,1028
2008,8,Dinamarca,10,9,52,0,71,836,907
2008,8,Finlandia,2,3,0,0,5,58,63
2008,8,Suiza,22,221,123,20,386,360,746
2008,8,Austria,54,381,49,15,499,232,731
2008,8,Rusia,804,1101,93,0,1998,971,2969
2008,8,Países del Este,274,1121,497,38,1930,459,2389
2008,8,Resto de Europa,391,2307,295,44,3037,2366,5403
2008,8,Estados Unidos,10,14,16,0,40,116,156
2008,8,Resto de América,29,62,39,226,356,288,644
2008,8,Resto del Mundo,79,167,41,0,287,331,618
2008,9,España,2718,6040,1968,757,11483,7091,18574
2008,9,Holanda,30,1236,479,29,1774,3860,5634
2008,9,Bélgica,127,1789,334,50,2300,385,2685
2008,9,Alemania,629,2381,1700,314,5024,1633,6657
2008,9,Francia,111,167,51,25,354,431,785
2008,9,Gran Bretaña,2452,12201,7025,199,21877,33058,54935
2008,9,Irlanda,108,528,696,55,1387,2049,3436
2008,9,Italia,322,662,488,176,1648,570,2218
2008,9,Suecia,5,132,47,4,188,586,774
2008,9,Noruega,18,65,91,15,189,1523,1712
2008,9,Dinamarca,9,33,188,0,230,1153,1383
2008,9,Finlandia,1,1,5,0,7,15,22
2008,9,Suiza,33,147,149,61,390,614,1004
2008,9,Austria,36,204,35,9,284,324,608
2008,9,Rusia,446,932,59,5,1442,824,2266
2008,9,Países del Este,251,738,431,66,1486,688,2174
2008,9,Resto de Europa,252,1067,145,70,1534,1841,3375
2008,9,Estados Unidos,20,16,12,5,53,92,145
2008,9,Resto de América,12,39,34,91,176,180,356
2008,9,Resto del Mundo,54,113,50,61,278,216,494
2008,10,España,2832,4765,1946,133,9676,3244,12920
2008,10,Holanda,104,1731,682,0,2517,4852,7369
2008,10,Bélgica,223,1918,302,0,2443,488,2931
2008,10,Alemania,620,2639,1541,18,4818,2317,7135
2008,10,Francia,104,447,117,4,672,784,1456
2008,10,Gran Bretaña,1747,13457,7593,4,22801,40718,63519
2008,10,Irlanda,91,964,453,0,1508,2612,4120
2008,10,Italia,213,773,427,4,1417,232,1649
2008,10,Suecia,146,1062,821,0,2029,3859,5888
2008,10,Noruega,62,496,547,4,1109,4356,5465
2008,10,Dinamarca,38,366,938,0,1342,2810,4152
2008,10,Finlandia,78,445,423,0,946,3040,3986
2008,10,Suiza,67,328,117,18,530,756,1286
2008,10,Austria,25,276,18,4,323,505,828
2008,10,Rusia,446,1450,155,0,2051,758,2809
2008,10,Países del Este,212,728,469,0,1409,648,2057
2008,10,Resto de Europa,123,633,251,0,1007,1232,2239
2008,10,Estados Unidos,40,58,8,0,106,96,202
2008,10,Resto de América,12,22,23,0,57,150,207
2008,10,Resto del Mundo,50,113,44,0,207,169,376
2008,11,España,1652,2846,1123,723,6344,2193,8537
2008,11,Holanda,45,1257,490,73,1865,2663,4528
2008,11,Bélgica,252,1861,538,83,2734,1057,3791
2008,11,Alemania,817,3379,1765,822,6783,2796,9579
2008,11,Francia,146,371,58,78,653,514,1167
2008,11,Gran Bretaña,2117,10962,6200,430,19709,31106,50815
2008,11,Irlanda,163,749,401,627,1940,1524,3464
2008,11,Italia,334,616,391,92,1433,240,1673
2008,11,Suecia,187,1810,1165,72,3234,10104,13338
2008,11,Noruega,171,368,687,82,1308,8526,9834
2008,11,Dinamarca,113,333,793,31,1270,6989,8259
2008,11,Finlandia,229,302,1173,31,1735,7113,8848
2008,11,Suiza,61,354,62,71,548,514,1062
2008,11,Austria,69,495,35,61,660,497,1157
2008,11,Rusia,194,346,125,0,665,415,1080
2008,11,Países del Este,142,696,337,82,1257,480,1737
2008,11,Resto de Europa,157,462,157,36,812,593,1405
2008,11,Estados Unidos,27,25,13,0,65,71,136
2008,11,Resto de América,6,30,23,127,186,39,225
2008,11,Resto del Mundo,36,88,16,87,227,118,345
2008,12,España,1500,2450,837,183,4970,2652,7622
2008,12,Holanda,61,1323,500,49,1933,3282,5215
2008,12,Bélgica,154,2437,450,28,3069,1125,4194
2008,12,Alemania,422,3170,1253,181,5026,2033,7059
2008,12,Francia,77,340,27,157,601,690,1291
2008,12,Gran Bretaña,2044,11985,6009,484,20522,27674,48196
2008,12,Irlanda,147,469,348,38,1002,1417,2419
2008,12,Italia,386,1199,466,55,2106,608,2714
2008,12,Suecia,36,1745,1167,21,2969,8375,11344
2008,12,Noruega,51,201,668,25,945,5757,6702
2008,12,Dinamarca,43,289,666,21,1019,5311,6330
2008,12,Finlandia,373,247,1149,8,1777,7056,8833
2008,12,Suiza,21,228,31,9,289,309,598
2008,12,Austria,32,372,24,18,446,431,877
2008,12,Rusia,207,404,62,10,683,408,1091
2008,12,Países del Este,123,385,338,126,972,376,1348
2008,12,Resto de Europa,99,599,84,18,800,952,1752
2008,12,Estados Unidos,26,45,10,7,88,90,178
2008,12,Resto de América,9,58,9,21,97,166,263
2008,12,Resto del Mundo,40,96,28,56,220,223,443
2008,13,España,30162,56784,26916,5821,119683,79787,199470
2008,13,Holanda,844,15094,7395,314,23647,48239,71886
2008,13,Bélgica,2435,23971,5509,458,32373,6824,39197
2008,13,Alemania,7531,35795,20515,2557,66398,24215,90613
2008,13,Francia,2319,4987,1012,2209,10527,9140,19667
2008,13,Gran Bretaña,27061,142499,84396,3341,257297,432225,689522
2008,13,Irlanda,1479,7968,5386,996,15829,24994,40823
2008,13,Italia,4495,15550,7349,1084,28478,8397,36875
2008,13,Suecia,641,11464,11344,142,23591,49319,72910
2008,13,Noruega,616,2833,3674,211,7334,46967,54301
2008,13,Dinamarca,510,2629,3977,98,7214,47336,54550
2008,13,Finlandia,1857,2165,6463,68,10553,41219,51772
2008,13,Suiza,549,3213,1141,278,5181,6118,11299
2008,13,Austria,457,4203,470,177,5307,4466,9773
2008,13,Rusia,4950,9415,988,42,15395,5591,20986
2008,13,Países del Este,1794,9088,3776,801,15459,5220,20679
2008,13,Resto de Europa,2415,10802,1486,330,15033,17508,32541
2008,13,Estados Unidos,287,686,203,55,1231,1200,2431
2008,13,Resto de América,189,525,273,940,1927,1972,3899
2008,13,Resto del Mundo,889,1873,939,608,4309,3319,7628
2009,1,España,1173,1959,587,122,3841,2875,6716
2009,1,Holanda,46,869,654,39,1608,2817,4425
2009,1,Bélgica,158,1843,377,13,2391,924,3315
2009,1,Alemania,442,1960,2001,179,4582,2373,6955
2009,1,Francia,100,326,90,264,780,698,1478
2009,1,Gran Bretaña,1860,8179,5902,261,16202,28356,44558
2009,1,Irlanda,76,664,469,28,1237,2047,3284
2009,1,Italia,269,1630,747,87,2733,656,3389
2009,1,Suecia,58,1454,578,18,2108,8308,10416
2009,1,Noruega,23,299,430,10,762,6119,6881
2009,1,Dinamarca,30,329,1016,21,1396,5867,7263
2009,1,Finlandia,143,474,1549,7,2173,6572,8745
2009,1,Suiza,123,267,44,13,447,302,749
2009,1,Austria,21,320,42,28,411,470,881
2009,1,Rusia,322,419,70,9,820,531,1351
2009,1,Países del Este,63,367,346,156,932,319,1251
2009,1,Resto de Europa,294,801,193,15,1303,895,2198
2009,1,Estados Unidos,7,18,15,6,46,104,150
2009,1,Resto de América,4,24,22,32,82,146,228
2009,1,Resto del Mundo,23,97,54,49,223,292,515
2009,1,TOTAL,5235,22299,15186,1357,44077,70671,114748
2009,2,España,975,2650,679,236,4540,2193,6733
2009,2,Holanda,63,1119,771,55,2008,3750,5758
2009,2,Bélgica,255,1747,587,16,2605,978,3583
2009,2,Alemania,462,2286,1957,144,4849,1818,6667
2009,2,Francia,147,556,144,332,1179,1376,2555
2009,2,Gran Bretaña,1656,9034,5556,202,16448,27434,43882
2009,2,Irlanda,120,934,260,63,1377,1712,3089
2009,2,Italia,502,1204,662,64,2432,338,2770
2009,2,Suecia,112,1979,848,7,2946,8480,11426
2009,2,Noruega,99,756,768,21,1644,5853,7497
2009,2,Dinamarca,75,578,791,20,1464,5166,6630
2009,2,Finlandia,137,789,1030,10,1966,5815,7781
2009,2,Suiza,51,201,72,18,342,274,616
2009,2,Austria,61,398,22,29,510,349,859
2009,2,Rusia,89,179,56,8,332,332,664
2009,2,Países del Este,60,664,397,176,1297,338,1635
2009,2,Resto de Europa,86,458,256,20,820,817,1637
2009,2,Estados Unidos,8,48,10,6,72,70,142
2009,2,Resto de América,10,33,14,19,76,55,131
2009,2,Resto del Mundo,14,466,30,41,551,172,723
2009,2,TOTAL,4982,26079,14910,1487,47458,67320,114778
2009,3,España,1148,2671,428,173,4420,2530,6950
2009,3,Holanda,54,946,752,36,1788,3509,5297
2009,3,Bélgica,242,2129,632,37,3040,898,3938
2009,3,Alemania,386,2757,2050,136,5329,2185,7514
2009,3,Francia,100,451,135,290,976,619,1595
2009,3,Gran Bretaña,1665,10885,5347,455,18352,31107,49459
2009,3,Irlanda,178,830,255,83,1346,1585,2931
2009,3,Italia,300,692,666,18,1676,341,2017
2009,3,Suecia,126,1881,1054,14,3075,8948,12023
2009,3,Noruega,137,439,1256,8,1840,6736,8576
2009,3,Dinamarca,74,362,1238,15,1689,6588,8277
2009,3,Finlandia,118,247,1782,4,2151,8340,10491
2009,3,Suiza,39,183,32,11,265,407,672
2009,3,Austria,29,295,29,15,368,265,633
2009,3,Rusia,148,237,47,2,434,390,824
2009,3,Países del Este,102,339,325,156,922,487,1409
2009,3,Resto de Europa,71,374,161,13,619,862,1481
2009,3,Estados Unidos,14,48,13,0,75,131,206
2009,3,Resto de América,0,27,12,21,60,100,160
2009,3,Resto del Mundo,30,434,23,28,515,233,748
2009,3,TOTAL,4961,26227,16237,1515,48940,76261,125201
2009,4,España,2751,7285,3452,319,13807,10915,24722
2009,4,Holanda,84,1271,716,36,2107,3770,5877
2009,4,Bélgica,265,2062,983,31,3341,845,4186
2009,4,Alemania,476,2672,2443,96,5687,2568,8255
2009,4,Francia,120,449,248,422,1239,1343,2582
2009,4,Gran Bretaña,1926,10738,6204,149,19017,30805,49822
2009,4,Irlanda,151,664,372,23,1210,2314,3524
2009,4,Italia,328,774,550,29,1681,527,2208
2009,4,Suecia,28,837,302,6,1173,3728,4901
2009,4,Noruega,39,204,227,10,480,2042,2522
2009,4,Dinamarca,40,210,389,8,647,2984,3631
2009,4,Finlandia,64,180,519,2,765,2516,3281
2009,4,Suiza,36,250,87,11,384,649,1033
2009,4,Austria,35,344,25,9,413,374,787
2009,4,Rusia,327,426,40,2,795,579,1374
2009,4,Países del Este,192,504,208,40,944,474,1418
2009,4,Resto de Europa,122,896,64,17,1099,779,1878
2009,4,Estados Unidos,10,71,12,0,93,222,315
2009,4,Resto de América,22,86,18,27,153,155,308
2009,4,Resto del Mundo,31,682,13,92,818,231,1049
2009,4,TOTAL,7047,30605,16872,1329,55853,67820,123673
2009,5,España,2125,6022,2425,81,10653,11654,22307
2009,5,Holanda,67,1273,312,1,1653,3636,5289
2009,5,Bélgica,182,2513,627,4,3326,454,3780
2009,5,Alemania,571,2134,1386,23,4114,1819,5933
2009,5,Francia,117,411,50,380,958,638,1596
2009,5,Gran Bretaña,1739,11116,5353,58,18266,28404,46670
2009,5,Irlanda,158,584,648,1,1391,3363,4754
2009,5,Italia,130,692,319,13,1154,435,1589
2009,5,Suecia,1,14,26,0,41,85,126
2009,5,Noruega,2,4,11,0,17,35,52
2009,5,Dinamarca,7,4,38,0,49,919,968
2009,5,Finlandia,7,8,4,0,19,352,371
2009,5,Suiza,49,256,34,5,344,365,709
2009,5,Austria,21,169,36,3,229,280,509
2009,5,Rusia,364,648,39,0,1051,618,1669
2009,5,Países del Este,122,225,270,80,697,489,1186
2009,5,Resto de Europa,92,257,391,3,743,566,1309
2009,5,Estados Unidos,24,57,20,5,106,288,394
2009,5,Resto de América,15,36,10,1,62,205,267
2009,5,Resto del Mundo,35,710,25,17,787,253,1040
2009,5,TOTAL,5828,27133,12024,675,45660,54858,100518
2009,6,España,2355,5835,2570,52,10812,9479,20291
2009,6,Holanda,64,1225,425,5,1719,3597,5316
2009,6,Bélgica,100,2651,553,1,3305,380,3685
2009,6,Alemania,525,1989,1697,40,4251,1425,5676
2009,6,Francia,98,374,34,152,658,656,1314
2009,6,Gran Bretaña,1660,9731,5844,126,17361,31759,49120
2009,6,Irlanda,111,383,523,1,1018,2067,3085
2009,6,Italia,176,808,415,8,1407,389,1796
2009,6,Suecia,4,13,49,0,66,286,352
2009,6,Noruega,3,8,0,0,11,455,466
2009,6,Dinamarca,2,2,58,0,62,935,997
2009,6,Finlandia,2,1,2,0,5,39,44
2009,6,Suiza,58,321,70,5,454,256,710
2009,6,Austria,35,283,44,15,377,201,578
2009,6,Rusia,334,505,59,5,903,540,1443
2009,6,Países del Este,269,312,260,260,1101,535,1636
2009,6,Resto de Europa,191,831,552,3,1577,710,2287
2009,6,Estados Unidos,62,61,54,0,177,216,393
2009,6,Resto de América,14,76,31,0,121,153,274
2009,6,Resto del Mundo,56,1174,125,3,1358,345,1703
2009,6,TOTAL,6119,26583,13365,676,46743,54423,101166
2009,7,España,3049,10862,3985,193,18089,15057,33146
2009,7,Holanda,37,1387,685,0,2109,6015,8124
2009,7,Bélgica,237,2633,493,29,3392,1096,4488
2009,7,Alemania,412,2124,1564,33,4133,1483,5616
2009,7,Francia,86,301,63,290,740,1421,2161
2009,7,Gran Bretaña,1293,9136,6067,71,16567,39189,55756
2009,7,Irlanda,89,390,530,0,1009,2279,3288
2009,7,Italia,170,924,450,5,1549,902,2451
2009,7,Suecia,9,12,101,0,122,457,579
2009,7,Noruega,4,10,12,0,26,809,835
2009,7,Dinamarca,25,10,37,0,72,738,810
2009,7,Finlandia,4,14,0,0,18,55,73
2009,7,Suiza,79,524,65,0,668,687,1355
2009,7,Austria,72,343,64,0,479,366,845
2009,7,Rusia,357,561,52,3,973,594,1567
2009,7,Países del Este,323,413,204,274,1214,530,1744
2009,7,Resto de Europa,140,1166,677,0,1983,1068,3051
2009,7,Estados Unidos,23,131,45,0,199,298,497
2009,7,Resto de América,13,54,37,0,104,264,368
2009,7,Resto del Mundo,73,1263,123,3,1462,383,1845
2009,7,TOTAL,6495,32258,15254,901,54908,73691,128599
2009,8,España,3829,12956,6016,128,22929,20508,43437
2009,8,Holanda,35,1358,890,0,2283,5623,7906
2009,8,Bélgica,186,2334,720,2,3242,454,3696
2009,8,Alemania,539,1803,1870,23,4235,1361,5596
2009,8,Francia,129,406,88,340,963,1760,2723
2009,8,Gran Bretaña,825,7479,5536,53,13893,36531,50424
2009,8,Irlanda,62,251,455,0,768,1851,2619
2009,8,Italia,205,1744,1204,3,3156,2991,6147
2009,8,Suecia,4,6,11,0,21,284,305
2009,8,Noruega,0,3,5,0,8,508,516
2009,8,Dinamarca,0,12,31,0,43,647,690
2009,8,Finlandia,0,1,6,0,7,0,7
2009,8,Suiza,21,376,26,0,423,354,777
2009,8,Austria,64,261,45,0,370,319,689
2009,8,Rusia,329,739,34,0,1102,508,1610
2009,8,Países del Este,201,434,206,131,972,606,1578
2009,8,Resto de Europa,283,1189,642,2,2116,1398,3514
2009,8,Estados Unidos,18,86,27,0,131,109,240
2009,8,Resto de América,7,55,79,7,148,397,545
2009,8,Resto del Mundo,36,1073,144,0,1253,328,1581
2009,8,TOTAL,6773,32566,18035,689,58063,76537,134600
2009,9,España,2243,8942,2195,114,13494,11342,24836
2009,9,Holanda,41,1031,459,4,1535,3095,4630
2009,9,Bélgica,181,2364,521,0,3066,717,3783
2009,9,Alemania,446,2002,1799,24,4271,1453,5724
2009,9,Francia,51,216,54,260,581,709,1290
2009,9,Gran Bretaña,1883,10937,5521,141,18482,31636,50118
2009,9,Irlanda,137,429,513,1,1080,1254,2334
2009,9,Italia,189,760,429,2,1380,345,1725
2009,9,Suecia,6,17,43,0,66,395,461
2009,9,Noruega,3,18,13,0,34,705,739
2009,9,Dinamarca,0,25,101,0,126,836,962
2009,9,Finlandia,11,5,0,0,16,244,260
2009,9,Suiza,46,279,49,8,382,514,896
2009,9,Austria,32,211,43,0,286,282,568
2009,9,Rusia,362,454,104,0,920,359,1279
2009,9,Países del Este,141,300,204,258,903,806,1709
2009,9,Resto de Europa,135,611,470,2,1218,514,1732
2009,9,Estados Unidos,8,164,6,0,178,206,384
2009,9,Resto de América,18,42,21,0,81,161,242
2009,9,Resto del Mundo,50,985,80,7,1122,240,1362
2009,9,TOTAL,5983,29792,12625,821,49221,55813,105034
2009,10,España,1485,6526,2114,101,10226,6869,17095
2009,10,Holanda,44,1723,618,5,2390,3946,6336
2009,10,Bélgica,140,2330,470,10,2950,710,3660
2009,10,Alemania,617,2422,1858,46,4943,2133,7076
2009,10,Francia,120,484,133,297,1034,914,1948
2009,10,Gran Bretaña,1544,13018,7457,343,22362,36828,59190
2009,10,Irlanda,185,791,457,8,1441,1458,2899
2009,10,Italia,78,721,397,8,1204,318,1522
2009,10,Suecia,52,683,359,1,1095,1936,3031
2009,10,Noruega,56,364,261,0,681,2806,3487
2009,10,Dinamarca,37,222,357,0,616,3057,3673
2009,10,Finlandia,57,466,215,0,738,2936,3674
2009,10,Suiza,56,408,134,0,598,555,1153
2009,10,Austria,31,263,25,0,319,428,747
2009,10,Rusia,279,653,147,5,1084,566,1650
2009,10,Países del Este,135,286,246,208,875,625,1500
2009,10,Resto de Europa,72,422,402,2,898,465,1363
2009,10,Estados Unidos,14,71,6,1,92,134,226
2009,10,Resto de América,7,39,23,1,70,86,156
2009,10,Resto del Mundo,20,784,84,1,889,285,1174
2009,10,TOTAL,5029,32676,15763,1037,54505,67055,121560
2009,11,España,1927,3398,1115,169,6609,2776,9385
2009,11,Holanda,98,1307,465,10,1880,2392,4272
2009,11,Bélgica,333,2297,418,28,3076,963,4039
2009,11,Alemania,715,2732,1223,123,4793,2225,7018
2009,11,Francia,133,297,79,100,609,579,1188
2009,11,Gran Bretaña,1754,8608,6569,801,17732,21962,39694
2009,11,Irlanda,172,526,350,86,1134,876,2010
2009,11,Italia,412,830,372,29,1643,322,1965
2009,11,Suecia,105,1712,827,18,2662,6764,9426
2009,11,Noruega,125,741,629,0,1495,6302,7797
2009,11,Dinamarca,65,335,265,20,685,4683,5368
2009,11,Finlandia,133,886,1114,5,2138,5846,7984
2009,11,Suiza,40,267,63,9,379,252,631
2009,11,Austria,66,312,52,1,431,382,813
2009,11,Rusia,222,310,49,2,583,308,891
2009,11,Países del Este,217,275,245,123,860,516,1376
2009,11,Resto de Europa,79,447,331,8,865,335,1200
2009,11,Estados Unidos,18,49,4,6,77,177,254
2009,11,Resto de América,69,30,17,15,131,69,200
2009,11,Resto del Mundo,54,424,49,20,547,98,645
2009,11,TOTAL,6737,25783,14236,1573,48329,57827,106156
2009,12,España,1868,4655,1947,228,8698,4458,13156
2009,12,Holanda,285,1109,511,22,1927,3243,5170
2009,12,Bélgica,283,2298,388,40,3009,1022,4031
2009,12,Alemania,414,2772,795,254,4235,2223,6458
2009,12,Francia,110,347,97,154,708,664,1372
2009,12,Gran Bretaña,1478,9682,7061,472,18693,22070,40763
2009,12,Irlanda,100,587,440,31,1158,916,2074
2009,12,Italia,332,949,452,30,1763,634,2397
2009,12,Suecia,63,1522,558,11,2154,6378,8532
2009,12,Noruega,57,488,458,20,1023,5498,6521
2009,12,Dinamarca,23,452,381,5,861,4705,5566
2009,12,Finlandia,106,561,1119,3,1789,5947,7736
2009,12,Suiza,30,221,31,12,294,293,587
2009,12,Austria,30,387,41,1,459,399,858
2009,12,Rusia,171,364,20,12,567,336,903
2009,12,Países del Este,110,256,544,195,1105,528,1633
2009,12,Resto de Europa,79,343,203,15,640,657,1297
2009,12,Estados Unidos,8,105,36,8,157,165,322
2009,12,Resto de América,12,54,16,17,99,196,295
2009,12,Resto del Mundo,97,421,70,11,599,298,897
2009,12,TOTAL,5656,27573,15168,1541,49938,60630,110568
2009,13,España,24928,73761,27513,1916,128118,100656,228774
2009,13,Holanda,918,14618,7258,213,23007,45393,68400
2009,13,Bélgica,2562,27201,6769,211,36743,9441,46184
2009,13,Alemania,6005,27653,20643,1121,55422,23066,78488
2009,13,Francia,1311,4618,1215,3281,10425,11377,21802
2009,13,Gran Bretaña,19283,118543,72417,3132,213375,366081,579456
2009,13,Irlanda,1539,7033,5272,325,14169,21722,35891
2009,13,Italia,3091,11728,6663,296,21778,8198,29976
2009,13,Suecia,568,10130,4756,75,15529,46049,61578
2009,13,Noruega,548,3334,4070,69,8021,37868,45889
2009,13,Dinamarca,378,2541,4702,89,7710,37125,44835
2009,13,Finlandia,782,3632,7340,31,11785,38662,50447
2009,13,Suiza,628,3553,707,92,4980,4908,9888
2009,13,Austria,497,3586,468,101,4652,4115,8767
2009,13,Rusia,3304,5495,717,48,9564,5661,15225
2009,13,Países del Este,1935,4375,3455,2057,11822,6253,18075
2009,13,Resto de Europa,1644,7795,4342,100,13881,9066,22947
2009,13,Estados Unidos,214,909,248,32,1403,2120,3523
2009,13,Resto de América,191,556,300,140,1187,1987,3174
2009,13,Resto del Mundo,519,8513,820,272,10124,3158,13282
2009,13,TOTAL,70845,339574,179675,13601,603695,782906,1386601
2010,1,España,1464,3714,1328,265,6771,3310,10081
2010,1,Holanda,75,1187,669,27,1958,3010,4968
2010,1,Bélgica,248,2552,402,23,3225,817,4042
2010,1,Alemania,485,3122,838,167,4612,2707,7319
2010,1,Francia,168,552,84,388,1192,809,2001
2010,1,Gran Bretaña,1342,9403,8973,340,20058,23142,43200
2010,1,Irlanda,215,961,724,20,1920,1188,3108
2010,1,Italia,533,1462,465,60,2520,621,3141
2010,1,Suecia,64,1850,701,23,2638,6644,9282
2010,1,Noruega,297,563,711,8,1579,7170,8749
2010,1,Dinamarca,46,451,345,7,849,5214,6063
2010,1,Finlandia,96,631,1230,9,1966,6336,8302
2010,1,Suiza,50,277,24,18,369,263,632
2010,1,Austria,75,380,40,13,508,388,896
2010,1,Rusia,354,523,73,2,952,526,1478
2010,1,Países del Este,81,278,478,126,963,556,1519
2010,1,Resto de Europa,100,417,417,14,948,666,1614
2010,1,Estados Unidos,43,32,34,2,111,91,202
2010,1,Resto de América,21,45,49,20,135,117,252
2010,1,Resto del Mundo,95,66,133,13,307,227,534
2010,1,TOTAL,5852,28466,17718,1545,53581,63802,117383
2010,2,España,1022,3237,1063,162,5484,3170,8654
2010,2,Holanda,97,1340,412,36,1885,3406,5291
2010,2,Bélgica,370,2097,426,38,2931,875,3806
2010,2,Alemania,510,2800,1620,138,5068,1993,7061
2010,2,Francia,115,634,209,519,1477,1203,2680
2010,2,Gran Bretaña,1463,9064,6098,199,16824,23690,40514
2010,2,Irlanda,175,949,780,35,1939,1323,3262
2010,2,Italia,428,1570,702,46,2746,445,3191
2010,2,Suecia,72,1554,649,10,2285,6036,8321
2010,2,Noruega,77,564,551,8,1200,6242,7442
2010,2,Dinamarca,77,570,328,22,997,5302,6299
2010,2,Finlandia,104,635,872,9,1620,5610,7230
2010,2,Suiza,87,256,55,15,413,284,697
2010,2,Austria,85,306,39,13,443,353,796
2010,2,Rusia,101,201,65,1,368,272,640
2010,2,Países del Este,28,273,290,70,661,466,1127
2010,2,Resto de Europa,77,449,252,13,791,419,1210
2010,2,Estados Unidos,17,45,4,0,66,67,133
2010,2,Resto de América,2,58,33,30,123,88,211
2010,2,Resto del Mundo,90,454,99,16,659,164,823
2010,2,TOTAL,4997,27056,14547,1380,47980,61408,109388
2010,3,España,2089,4007,1803,135,8034,5543,13577
2010,3,Holanda,67,780,616,18,1481,3000,4481
2010,3,Bélgica,296,1328,316,21,1961,898,2859
2010,3,Alemania,467,2700,1679,164,5010,1824,6834
2010,3,Francia,121,306,107,662,1196,824,2020
2010,3,Gran Bretaña,1503,11771,6923,208,20405,27263,47668
2010,3,Irlanda,151,929,530,25,1635,1557,3192
2010,3,Italia,418,747,779,20,1964,248,2212
2010,3,Suecia,77,2087,870,19,3053,6453,9506
2010,3,Noruega,114,665,537,5,1321,6362,7683
2010,3,Dinamarca,86,625,462,9,1182,4777,5959
2010,3,Finlandia,79,775,880,6,1740,6042,7782
2010,3,Suiza,78,213,50,14,355,243,598
2010,3,Austria,39,314,20,9,382,337,719
2010,3,Rusia,149,174,134,13,470,302,772
2010,3,Países del Este,90,311,303,56,760,543,1303
2010,3,Resto de Europa,143,423,189,25,780,376,1156
2010,3,Estados Unidos,22,149,26,6,203,161,364
2010,3,Resto de América,10,33,19,32,94,191,285
2010,3,Resto del Mundo,148,465,222,26,861,187,1048
2010,3,TOTAL,6147,28802,16465,1473,52887,67131,120018
2010,4,España,2025,7970,3329,273,13597,11035,24632
2010,4,Holanda,78,1719,443,4,2244,3388,5632
2010,4,Bélgica,288,2287,846,10,3431,1201,4632
2010,4,Alemania,471,2674,1876,87,5108,2424,7532
2010,4,Francia,77,1043,227,428,1775,1995,3770
2010,4,Gran Bretaña,2651,13802,4901,125,21479,33246,54725
2010,4,Irlanda,258,854,456,49,1617,1485,3102
2010,4,Italia,180,815,419,15,1429,393,1822
2010,4,Suecia,24,1054,330,5,1413,3695,5108
2010,4,Noruega,15,192,88,0,295,2004,2299
2010,4,Dinamarca,29,162,91,2,284,1558,1842
2010,4,Finlandia,28,393,424,2,847,1978,2825
2010,4,Suiza,72,418,58,3,551,410,961
2010,4,Austria,20,333,43,9,405,337,742
2010,4,Rusia,376,584,107,2,1069,467,1536
2010,4,Países del Este,129,441,224,235,1029,461,1490
2010,4,Resto de Europa,200,580,236,16,1032,582,1614
2010,4,Estados Unidos,20,62,32,0,114,184,298
2010,4,Resto de América,11,38,25,34,108,151,259
2010,4,Resto del Mundo,45,811,39,21,916,230,1146
2010,4,TOTAL,6997,36232,14194,1320,58743,67224,125967
2010,5,España,2272,5312,3835,50,11469,11183,22652
2010,5,Holanda,133,1281,440,1,1855,4090,5945
2010,5,Bélgica,118,2498,440,19,3075,591,3666
2010,5,Alemania,364,2005,1999,19,4387,1768,6155
2010,5,Francia,86,531,165,388,1170,955,2125
2010,5,Gran Bretaña,1777,11460,4998,107,18342,27827,46169
2010,5,Irlanda,160,567,487,1,1215,1977,3192
2010,5,Italia,158,805,434,6,1403,411,1814
2010,5,Suecia,13,10,56,0,79,62,141
2010,5,Noruega,6,13,5,0,24,295,319
2010,5,Dinamarca,4,16,46,0,66,929,995
2010,5,Finlandia,2,7,32,0,41,53,94
2010,5,Suiza,116,299,46,0,461,415,876
2010,5,Austria,15,140,25,5,185,169,354
2010,5,Rusia,329,466,80,11,886,551,1437
2010,5,Países del Este,206,338,286,83,913,400,1313
2010,5,Resto de Europa,107,1417,463,6,1993,584,2577
2010,5,Estados Unidos,48,48,14,0,110,91,201
2010,5,Resto de América,0,58,43,0,101,204,305
2010,5,Resto del Mundo,38,1011,54,1,1104,242,1346
2010,5,TOTAL,5952,28282,13948,697,48879,52797,101676
2010,6,España,2159,6574,3107,188,12028,10986,23014
2010,6,Holanda,57,1049,277,9,1392,2420,3812
2010,6,Bélgica,143,2932,371,22,3468,542,4010
2010,6,Alemania,411,2376,1853,37,4677,1368,6045
2010,6,Francia,81,295,67,178,621,1435,2056
2010,6,Gran Bretaña,2081,11836,3864,113,17894,34173,52067
2010,6,Irlanda,259,537,348,6,1150,2460,3610
2010,6,Italia,132,769,480,20,1401,522,1923
2010,6,Suecia,10,15,60,1,86,207,293
2010,6,Noruega,7,5,16,0,28,335,363
2010,6,Dinamarca,8,26,44,2,80,576,656
2010,6,Finlandia,0,2,9,0,11,209,220
2010,6,Suiza,60,320,33,3,416,265,681
2010,6,Austria,26,358,17,3,404,122,526
2010,6,Rusia,407,502,96,5,1010,672,1682
2010,6,Países del Este,187,813,373,179,1552,616,2168
2010,6,Resto de Europa,202,580,535,6,1323,592,1915
2010,6,Estados Unidos,37,62,13,3,115,155,270
2010,6,Resto de América,20,39,25,15,99,165,264
2010,6,Resto del Mundo,136,1225,135,7,1503,313,1816
2010,6,TOTAL,6423,30315,11723,797,49258,58133,107391
2010,7,España,3021,11721,5087,192,20021,15555,35576
2010,7,Holanda,77,1559,440,15,2091,5481,7572
2010,7,Bélgica,82,2917,434,28,3461,1487,4948
2010,7,Alemania,226,2461,2194,38,4919,1656,6575
2010,7,Francia,75,507,119,193,894,2329,3223
2010,7,Gran Bretaña,1710,11397,6239,87,19433,38780,58213
2010,7,Irlanda,161,508,342,3,1014,2769,3783
2010,7,Italia,115,1190,624,23,1952,1024,2976
2010,7,Suecia,0,22,32,5,59,422,481
2010,7,Noruega,21,8,11,2,42,891,933
2010,7,Dinamarca,19,15,36,0,70,546,616
2010,7,Finlandia,4,8,11,2,25,116,141
2010,7,Suiza,54,527,84,10,675,622,1297
2010,7,Austria,33,498,9,2,542,294,836
2010,7,Rusia,674,795,37,3,1509,1085,2594
2010,7,Países del Este,777,588,495,232,2092,828,2920
2010,7,Resto de Europa,163,943,532,2,1640,861,2501
2010,7,Estados Unidos,27,51,18,2,98,153,251
2010,7,Resto de América,23,53,38,40,154,228,382
2010,7,Resto del Mundo,86,156,84,9,335,453,788
2010,7,TOTAL,7348,35924,16866,888,61026,75580,136606
2010,8,España,3735,13019,6292,518,23564,19886,43450
2010,8,Holanda,52,1588,501,10,2151,4732,6883
2010,8,Bélgica,175,2572,395,12,3154,744,3898
2010,8,Alemania,372,2201,1869,75,4517,1554,6071
2010,8,Francia,135,649,189,128,1101,1592,2693
2010,8,Gran Bretaña,1188,10054,5842,129,17213,36051,53264
2010,8,Irlanda,130,502,390,3,1025,1477,2502
2010,8,Italia,197,2348,1093,47,3685,2735,6420
2010,8,Suecia,10,8,23,2,43,170,213
2010,8,Noruega,6,20,8,0,34,557,591
2010,8,Dinamarca,0,16,18,0,34,466,500
2010,8,Finlandia,0,2,0,2,4,12,16
2010,8,Suiza,25,345,56,6,432,280,712
2010,8,Austria,35,387,17,0,439,245,684
2010,8,Rusia,619,874,72,2,1567,677,2244
2010,8,Países del Este,419,507,346,152,1424,675,2099
2010,8,Resto de Europa,394,1434,727,10,2565,892,3457
2010,8,Estados Unidos,19,25,20,0,64,67,131
2010,8,Resto de América,28,70,44,41,183,357,540
2010,8,Resto del Mundo,130,1288,28,9,1455,557,2012
2010,8,TOTAL,7669,37909,17930,1146,64654,73726,138380
2010,9,España,1850,6109,2899,212,11070,8906,19976
2010,9,Holanda,57,1260,346,11,1674,3042,4716
2010,9,Bélgica,193,3192,322,18,3725,559,4284
2010,9,Alemania,369,3056,2042,104,5571,1508,7079
2010,9,Francia,39,342,113,133,627,1246,1873
2010,9,Gran Bretaña,1820,12020,6089,132,20061,29186,49247
2010,9,Irlanda,159,625,658,1,1443,1420,2863
2010,9,Italia,118,1105,564,13,1800,422,2222
2010,9,Suecia,6,24,47,2,79,237,316
2010,9,Noruega,5,8,6,0,19,598,617
2010,9,Dinamarca,10,2,78,6,96,312,408
2010,9,Finlandia,3,0,4,1,8,59,67
2010,9,Suiza,19,283,85,6,393,411,804
2010,9,Austria,47,326,38,5,416,247,663
2010,9,Rusia,407,655,112,1,1175,575,1750
2010,9,Países del Este,164,399,443,231,1237,800,2037
2010,9,Resto de Europa,204,642,426,7,1279,586,1865
2010,9,Estados Unidos,28,49,9,1,87,69,156
2010,9,Resto de América,30,44,51,29,154,205,359
2010,9,Resto del Mundo,62,1135,81,7,1285,432,1717
2010,9,TOTAL,5590,31276,14413,920,52199,50820,103019
2010,10,España,3182,3936,2203,175,9496,4261,13757
2010,10,Holanda,179,2029,476,19,2703,4299,7002
2010,10,Bélgica,132,2693,546,43,3414,715,4129
2010,10,Alemania,1069,1803,1831,185,4888,2375,7263
2010,10,Francia,222,483,154,149,1008,1613,2621
2010,10,Gran Bretaña,3581,18320,8266,322,30489,35153,65642
2010,10,Irlanda,259,972,611,35,1877,1750,3627
2010,10,Italia,182,276,438,29,925,445,1370
2010,10,Suecia,100,854,409,13,1376,4623,5999
2010,10,Noruega,206,318,451,1,976,4195,5171
2010,10,Dinamarca,47,166,340,4,557,2580,3137
2010,10,Finlandia,61,667,212,0,940,4611,5551
2010,10,Suiza,148,281,120,10,559,695,1254
2010,10,Austria,66,343,50,8,467,434,901
2010,10,Rusia,388,624,149,1,1162,615,1777
2010,10,Países del Este,486,217,495,229,1427,527,1954
2010,10,Resto de Europa,298,532,548,22,1400,910,2310
2010,10,Estados Unidos,50,44,32,7,133,41,174
2010,10,Resto de América,34,44,46,24,148,141,289
2010,10,Resto del Mundo,121,136,18,10,285,373,658
2010,10,TOTAL,10811,34738,17395,1286,64230,70356,134586
2010,11,España,1436,3637,824,264,6161,2538,8699
2010,11,Holanda,172,1778,399,25,2374,2930,5304
2010,11,Bélgica,211,2743,381,37,3372,1083,4455
2010,11,Alemania,1226,2540,2318,187,6271,2307,8578
2010,11,Francia,38,407,201,252,898,810,1708
2010,11,Gran Bretaña,702,12073,6089,645,19509,25419,44928
2010,11,Irlanda,38,808,343,41,1230,1061,2291
2010,11,Italia,89,892,398,44,1423,725,2148
2010,11,Suecia,753,2152,930,14,3849,7853,11702
2010,11,Noruega,26,482,710,10,1228,6746,7974
2010,11,Dinamarca,13,332,477,8,830,3657,4487
2010,11,Finlandia,64,403,1014,6,1487,6991,8478
2010,11,Suiza,128,189,46,17,380,345,725
2010,11,Austria,77,399,164,9,649,506,1155
2010,11,Rusia,249,415,99,9,772,525,1297
2010,11,Países del Este,26,203,259,89,577,441,1018
2010,11,Resto de Europa,0,259,360,14,633,614,1247
2010,11,Estados Unidos,0,48,3,0,51,63,114
2010,11,Resto de América,0,36,19,19,74,28,102
2010,11,Resto del Mundo,3351,422,123,17,3913,239,4152
2010,11,TOTAL,8599,30218,15157,1707,55681,64881,120562
2010,12,España,1893,5013,890,171,7967,3546,11513
2010,12,Holanda,134,1357,518,32,2041,3101,5142
2010,12,Bélgica,304,2822,397,67,3590,1402,4992
2010,12,Alemania,730,2887,1179,336,5132,2502,7634
2010,12,Francia,241,490,113,416,1260,868,2128
2010,12,Gran Bretaña,1644,12007,6344,319,20314,24138,44452
2010,12,Irlanda,186,442,288,32,948,791,1739
2010,12,Italia,369,781,425,80,1655,978,2633
2010,12,Suecia,77,1525,602,27,2231,6285,8516
2010,12,Noruega,112,386,561,19,1078,5125,6203
2010,12,Dinamarca,20,241,585,5,851,5007,5858
2010,12,Finlandia,43,870,1220,9,2142,7636,9778
2010,12,Suiza,72,265,32,12,381,327,708
2010,12,Austria,52,384,82,19,537,443,980
2010,12,Rusia,174,473,58,12,717,648,1365
2010,12,Países del Este,54,405,106,158,723,298,1021
2010,12,Resto de Europa,31,406,354,15,806,711,1517
2010,12,Estados Unidos,14,38,20,5,77,160,237
2010,12,Resto de América,14,49,13,12,88,176,264
2010,12,Resto del Mundo,180,144,35,11,370,462,832
2010,12,TOTAL,6344,30985,13822,1757,52908,64604,117512
2010,13,España,26148,74249,32660,2605,135662,99919,235581
2010,13,Holanda,1178,16927,5537,207,23849,42899,66748
2010,13,Bélgica,2560,30633,5276,338,38807,10914,49721
2010,13,Alemania,6700,30625,21298,1537,60160,23986,84146
2010,13,Francia,1398,6239,1748,3834,13219,15679,28898
2010,13,Gran Bretaña,21462,143207,74626,2726,242021,358068,600089
2010,13,Irlanda,2151,8654,5957,251,17013,19258,36271
2010,13,Italia,2919,12760,6821,403,22903,8969,31872
2010,13,Suecia,1206,11155,4709,121,17191,42687,59878
2010,13,Noruega,892,3224,3655,53,7824,40520,48344
2010,13,Dinamarca,359,2622,2850,65,5896,30924,36820
2010,13,Finlandia,484,4393,5908,46,10831,39653,50484
2010,13,Suiza,909,3673,689,114,5385,4560,9945
2010,13,Austria,570,4168,544,95,5377,3875,9252
2010,13,Rusia,4227,6286,1082,62,11657,6915,18572
2010,13,Países del Este,2647,4773,4098,1840,13358,6611,19969
2010,13,Resto de Europa,1919,8082,5039,150,15190,7793,22983
2010,13,Estados Unidos,325,653,225,26,1229,1302,2531
2010,13,Resto de América,193,567,405,296,1461,2051,3512
2010,13,Resto del Mundo,4482,7313,1051,147,12993,3879,16872
2010,13,TOTAL,82729,380203,184178,14916,662026,770462,1432488
2011,1,España,1769,3261,697,204,5931,2282,8213
2011,1,Holanda,115,1202,559,52,1928,3071,4999
2011,1,Bélgica,322,3311,325,50,4008,968,4976
2011,1,Alemania,489,2238,1710,323,4760,2468,7228
2011,1,Francia,161,613,112,556,1442,807,2249
2011,1,Gran Bretaña,1769,11075,6010,203,19057,22024,41081
2011,1,Irlanda,251,833,475,31,1590,1594,3184
2011,1,Italia,591,2078,1073,93,3835,931,4766
2011,1,Suecia,350,1904,1332,29,3615,5744,9359
2011,1,Noruega,118,573,1250,28,1969,5399,7368
2011,1,Dinamarca,76,428,841,13,1358,3798,5156
2011,1,Finlandia,114,1309,1260,7,2690,9029,11719
2011,1,Suiza,61,344,57,18,480,318,798
2011,1,Austria,88,357,103,13,561,578,1139
2011,1,Rusia,382,581,173,10,1146,750,1896
2011,1,Países del Este,145,386,255,111,897,387,1284
2011,1,Resto de Europa,38,292,456,7,793,640,1433
2011,1,Estados Unidos,15,38,1,12,66,74,140
2011,1,Resto de América,11,46,65,12,134,97,231
2011,1,Resto del Mundo,211,99,18,13,341,330,671
2011,1,TOTAL,7076,30968,16772,1785,56601,61289,117890
2011,2,España,1451,2636,308,163,4558,2180,6738
2011,2,Holanda,188,1595,775,22,2580,4428,7008
2011,2,Bélgica,243,2807,352,52,3454,851,4305
2011,2,Alemania,812,2081,469,197,3559,2050,5609
2011,2,Francia,143,836,80,742,1801,2225,4026
2011,2,Gran Bretaña,2030,10624,5957,182,18793,24374,43167
2011,2,Irlanda,254,837,299,60,1450,1464,2914
2011,2,Italia,409,2231,423,51,3114,971,4085
2011,2,Suecia,312,2206,1878,14,4410,6328,10738
2011,2,Noruega,254,818,1800,19,2891,6290,9181
2011,2,Dinamarca,137,709,1407,20,2273,5353,7626
2011,2,Finlandia,187,1168,1971,3,3329,6442,9771
2011,2,Suiza,148,241,42,10,441,1028,1469
2011,2,Austria,99,346,30,13,488,333,821
2011,2,Rusia,167,313,107,7,594,588,1182
2011,2,Países del Este,356,229,183,113,881,554,1435
2011,2,Resto de Europa,25,285,137,16,463,556,1019
2011,2,Estados Unidos,42,51,6,5,104,78,182
2011,2,Resto de América,9,34,21,20,84,80,164
2011,2,Resto del Mundo,247,112,0,16,375,135,510
2011,2,TOTAL,7513,30159,16245,1725,55642,66308,121950
2011,3,España,1338,2657,842,151,4988,2340,7328
2011,3,Holanda,238,1790,586,31,2645,4353,6998
2011,3,Bélgica,255,2779,458,32,3524,1064,4588
2011,3,Alemania,678,2654,2216,262,5810,2186,7996
2011,3,Francia,150,538,292,884,1864,1928,3792
2011,3,Gran Bretaña,1865,13073,7379,213,22530,23811,46341
2011,3,Irlanda,245,890,585,68,1788,1715,3503
2011,3,Italia,296,1619,1010,44,2969,976,3945
2011,3,Suecia,171,2101,1011,16,3299,9191,12490
2011,3,Noruega,236,774,913,15,1938,7520,9458
2011,3,Dinamarca,136,640,851,10,1637,5561,7198
2011,3,Finlandia,158,1205,1344,7,2714,6642,9356
2011,3,Suiza,188,348,130,7,673,249,922
2011,3,Austria,56,302,96,11,465,339,804
2011,3,Rusia,320,374,197,3,894,1010,1904
2011,3,Países del Este,289,302,319,88,998,805,1803
2011,3,Resto de Europa,77,398,314,18,807,627,1434
2011,3,Estados Unidos,44,44,10,2,100,144,244
2011,3,Resto de América,338,12,14,24,388,146,534
2011,3,Resto del Mundo,315,148,38,17,518,124,642
2011,3,TOTAL,7393,32648,18605,1903,60549,70731,131280
2011,4,España,2225,5168,2524,276,10193,10026,20219
2011,4,Holanda,120,1848,604,28,2600,3872,6472
2011,4,Bélgica,344,3025,374,13,3756,992,4748
2011,4,Alemania,566,3190,2504,194,6454,2548,9002
2011,4,Francia,220,1327,331,755,2633,3155,5788
2011,4,Gran Bretaña,2372,15142,7878,370,25762,29528,55290
2011,4,Irlanda,259,714,515,53,1541,1913,3454
2011,4,Italia,340,1109,687,53,2189,870,3059
2011,4,Suecia,127,927,595,5,1654,5734,7388
2011,4,Noruega,97,910,678,6,1691,3659,5350
2011,4,Dinamarca,73,455,758,18,1304,4340,5644
2011,4,Finlandia,41,286,423,3,753,3096,3849
2011,4,Suiza,97,351,213,13,674,518,1192
2011,4,Austria,46,592,104,5,747,493,1240
2011,4,Rusia,482,869,184,5,1540,1054,2594
2011,4,Países del Este,159,531,343,122,1155,391,1546
2011,4,Resto de Europa,234,589,205,12,1040,1011,2051
2011,4,Estados Unidos,31,77,48,5,161,217,378
2011,4,Resto de América,25,137,41,32,235,123,358
2011,4,Resto del Mundo,245,211,17,15,488,467,955
2011,4,TOTAL,8103,37458,19026,1983,66570,74007,140577
2011,5,España,2009,4517,2129,262,8917,7259,16176
2011,5,Holanda,154,1353,346,7,1860,3080,4940
2011,5,Bélgica,196,1857,195,30,2278,576,2854
2011,5,Alemania,424,2451,1250,95,4220,1498,5718
2011,5,Francia,123,422,241,444,1230,1902,3132
2011,5,Gran Bretaña,1805,14535,5592,136,22068,27888,49956
2011,5,Irlanda,211,914,460,10,1595,1566,3161
2011,5,Italia,214,1402,571,39,2226,713,2939
2011,5,Suecia,10,32,119,1,162,463,625
2011,5,Noruega,11,9,136,0,156,967,1123
2011,5,Dinamarca,15,73,149,0,237,1271,1508
2011,5,Finlandia,3,8,92,1,104,719,823
2011,5,Suiza,75,254,104,6,439,215,654
2011,5,Austria,52,228,94,9,383,271,654
2011,5,Rusia,536,659,244,1,1440,957,2397
2011,5,Países del Este,157,320,176,106,759,383,1142
2011,5,Resto de Europa,142,269,436,11,858,797,1655
2011,5,Estados Unidos,34,67,16,7,124,125,249
2011,5,Resto de América,9,62,30,18,119,164,283
2011,5,Resto del Mundo,170,1599,9,16,1794,326,2120
2011,5,TOTAL,6350,31031,12389,1199,50969,51140,102109
2011,6,España,1852,5382,2987,187,10408,9308,19716
2011,6,Holanda,127,1299,206,23,1655,2219,3874
2011,6,Bélgica,293,3019,176,11,3499,588,4087
2011,6,Alemania,383,2186,1839,80,4488,1608,6096
2011,6,Francia,244,601,199,367,1411,1890,3301
2011,6,Gran Bretaña,1698,11909,6931,156,20694,38492,59186
2011,6,Irlanda,221,659,591,7,1478,2777,4255
2011,6,Italia,170,1034,614,39,1857,858,2715
2011,6,Suecia,12,34,37,2,85,177,262
2011,6,Noruega,170,23,89,0,282,319,601
2011,6,Dinamarca,52,96,107,2,257,621,878
2011,6,Finlandia,0,12,10,0,22,49,71
2011,6,Suiza,52,312,48,4,416,255,671
2011,6,Austria,39,293,55,0,387,202,589
2011,6,Rusia,817,791,193,0,1801,996,2797
2011,6,Países del Este,127,467,338,122,1054,617,1671
2011,6,Resto de Europa,293,771,466,3,1533,1039,2572
2011,6,Estados Unidos,45,53,34,4,136,189,325
2011,6,Resto de América,36,37,35,29,137,232,369
2011,6,Resto del Mundo,225,1805,14,15,2059,450,2509
2011,6,TOTAL,6856,30783,14969,1051,53659,62886,116545
2011,7,España,2661,8089,4785,353,15888,11732,27620
2011,7,Holanda,123,2455,550,18,3146,4225,7371
2011,7,Bélgica,266,3212,352,36,3866,1329,5195
2011,7,Alemania,339,2953,1566,104,4962,1705,6667
2011,7,Francia,158,698,333,279,1468,3308,4776
2011,7,Gran Bretaña,1901,10477,7630,353,20361,44401,64762
2011,7,Irlanda,233,565,727,14,1539,3114,4653
2011,7,Italia,217,935,1090,66,2308,1431,3739
2011,7,Suecia,39,32,38,2,111,174,285
2011,7,Noruega,39,29,27,4,99,532,631
2011,7,Dinamarca,31,76,125,11,243,1011,1254
2011,7,Finlandia,1,4,2,5,12,18,30
2011,7,Suiza,77,540,178,3,798,590,1388
2011,7,Austria,43,651,161,3,858,477,1335
2011,7,Rusia,895,1056,266,12,2229,1314,3543
2011,7,Países del Este,276,557,365,172,1370,749,2119
2011,7,Resto de Europa,304,886,607,27,1824,1126,2950
2011,7,Estados Unidos,23,55,24,5,107,102,209
2011,7,Resto de América,53,68,75,46,242,225,467
2011,7,Resto del Mundo,895,1846,82,10,2833,454,3287
2011,7,TOTAL,8574,35184,18983,1523,64264,78017,142281
2011,8,España,2708,8790,5720,629,17847,15678,33525
2011,8,Holanda,102,2106,615,10,2833,4428,7261
2011,8,Bélgica,189,3009,354,26,3578,1107,4685
2011,8,Alemania,269,2292,1749,93,4403,1095,5498
2011,8,Francia,186,696,342,311,1535,2797,4332
2011,8,Gran Bretaña,1369,10860,6821,375,19425,42497,61922
2011,8,Irlanda,149,483,586,12,1230,2273,3503
2011,8,Italia,317,2763,1901,122,5103,3322,8425
2011,8,Suecia,8,12,20,4,44,193,237
2011,8,Noruega,10,10,8,1,29,386,415
2011,8,Dinamarca,22,25,110,9,166,554,720
2011,8,Finlandia,0,5,5,3,13,9,22
2011,8,Suiza,47,447,176,6,676,131,807
2011,8,Austria,45,490,117,8,660,143,803
2011,8,Rusia,880,820,267,0,1967,750,2717
2011,8,Países del Este,219,483,244,145,1091,644,1735
2011,8,Resto de Europa,371,1146,588,24,2129,805,2934
2011,8,Estados Unidos,10,21,5,2,38,85,123
2011,8,Resto de América,32,21,56,32,141,223,364
2011,8,Resto del Mundo,735,1870,14,14,2633,467,3100
2011,8,TOTAL,7668,36349,19698,1826,65541,77587,143128
2011,9,España,1793,5497,3291,344,10925,8150,19075
2011,9,Holanda,125,1733,452,7,2317,2835,5152
2011,9,Bélgica,246,2965,473,19,3703,1134,4837
2011,9,Alemania,398,2820,1884,113,5215,1963,7178
2011,9,Francia,100,461,210,320,1091,1560,2651
2011,9,Gran Bretaña,2563,11634,7561,269,22027,38742,60769
2011,9,Irlanda,307,599,634,15,1555,2495,4050
2011,9,Italia,236,1529,620,54,2439,980,3419
2011,9,Suecia,13,28,18,2,61,197,258
2011,9,Noruega,10,21,19,2,52,503,555
2011,9,Dinamarca,35,52,102,4,193,485,678
2011,9,Finlandia,6,1,11,2,20,83,103
2011,9,Suiza,58,355,134,10,557,412,969
2011,9,Austria,56,464,76,4,600,235,835
2011,9,Rusia,735,774,447,12,1968,888,2856
2011,9,Países del Este,213,440,491,196,1340,799,2139
2011,9,Resto de Europa,265,758,624,6,1653,957,2610
2011,9,Estados Unidos,22,18,12,0,52,75,127
2011,9,Resto de América,43,58,34,24,159,276,435
2011,9,Resto del Mundo,562,1608,26,16,2212,349,2561
2011,9,TOTAL,7786,31815,17119,1419,58139,63118,121257
2011,10,España,1193,4406,2591,322,8512,5653,14165
2011,10,Holanda,172,1886,585,16,2659,4206,6865
2011,10,Bélgica,323,2653,400,52,3428,1018,4446
2011,10,Alemania,570,2673,2130,176,5549,2350,7899
2011,10,Francia,215,684,423,397,1719,1872,3591
2011,10,Gran Bretaña,2479,15691,8867,222,27259,34178,61437
2011,10,Irlanda,340,834,525,40,1739,2205,3944
2011,10,Italia,293,1227,626,82,2228,859,3087
2011,10,Suecia,117,984,577,5,1683,5270,6953
2011,10,Noruega,246,347,552,12,1157,4549,5706
2011,10,Dinamarca,63,319,372,10,764,2588,3352
2011,10,Finlandia,81,524,177,2,784,3541,4325
2011,10,Suiza,120,562,299,19,1000,637,1637
2011,10,Austria,52,321,70,7,450,377,827
2011,10,Rusia,694,624,346,5,1669,917,2586
2011,10,Países del Este,207,312,331,157,1007,518,1525
2011,10,Resto de Europa,179,575,391,14,1159,1427,2586
2011,10,Estados Unidos,26,23,6,3,58,48,106
2011,10,Resto de América,30,27,53,29,139,113,252
2011,10,Resto del Mundo,600,1125,32,13,1770,280,2050
2011,10,TOTAL,8000,35797,19353,1583,64733,72606,137339
2011,11,España,957,3378,1303,288,5926,2699,8625
2011,11,Holanda,52,1483,536,16,2087,2505,4592
2011,11,Bélgica,225,3474,437,48,4184,1132,5316
2011,11,Alemania,781,3503,1500,238,6022,2523,8545
2011,11,Francia,169,442,187,404,1202,763,1965
2011,11,Gran Bretaña,1880,11911,7269,614,21674,26302,47976
2011,11,Irlanda,271,641,492,78,1482,1576,3058
2011,11,Italia,305,891,444,84,1724,531,2255
2011,11,Suecia,310,1668,1189,18,3185,11945,15130
2011,11,Noruega,530,426,970,5,1931,5425,7356
2011,11,Dinamarca,104,210,480,28,822,2766,3588
2011,11,Finlandia,175,274,929,12,1390,5054,6444
2011,11,Suiza,102,421,87,16,626,331,957
2011,11,Austria,86,584,129,9,808,393,1201
2011,11,Rusia,410,629,123,11,1173,623,1796
2011,11,Países del Este,220,455,410,134,1219,428,1647
2011,11,Resto de Europa,189,384,221,19,813,564,1377
2011,11,Estados Unidos,37,10,38,1,86,67,153
2011,11,Resto de América,12,25,44,25,106,142,248
2011,11,Resto del Mundo,34,1145,24,25,1228,154,1382
2011,11,TOTAL,6849,31954,16812,2073,57688,65923,123611
2011,12,España,1584,4216,1303,298,7401,3019,10420
2011,12,Holanda,87,1953,414,24,2478,2821,5299
2011,12,Bélgica,188,3439,358,35,4020,1316,5336
2011,12,Alemania,416,2604,1035,218,4273,2139,6412
2011,12,Francia,119,519,189,579,1406,776,2182
2011,12,Gran Bretaña,1501,11597,6146,272,19516,25854,45370
2011,12,Irlanda,132,398,351,25,906,1079,1985
2011,12,Italia,134,458,528,83,1203,946,2149
2011,12,Suecia,114,1550,836,41,2541,11289,13830
2011,12,Noruega,178,202,683,20,1083,4382,5465
2011,12,Dinamarca,82,220,502,45,849,3167,4016
2011,12,Finlandia,184,332,821,23,1360,6452,7812
2011,12,Suiza,56,178,62,12,308,357,665
2011,12,Austria,28,389,58,12,487,364,851
2011,12,Rusia,467,548,165,13,1193,780,1973
2011,12,Países del Este,111,367,270,172,920,396,1316
2011,12,Resto de Europa,80,341,233,19,673,801,1474
2011,12,Estados Unidos,40,72,31,5,148,172,320
2011,12,Resto de América,46,35,38,14,133,202,335
2011,12,Resto del Mundo,72,139,50,32,293,290,583
2011,12,TOTAL,5619,29557,14073,1942,51191,66602,117793
2011,13,España,21540,57997,28480,3477,111494,80326,191820
2011,13,Holanda,1603,20703,6228,254,28788,42043,70831
2011,13,Bélgica,3090,35550,4254,404,43298,12075,55373
2011,13,Alemania,6125,31645,19852,2093,59715,24133,83848
2011,13,Francia,1988,7837,2939,6038,18802,22983,41785
2011,13,Gran Bretaña,23232,148528,84041,3365,259166,378091,637257
2011,13,Irlanda,2873,8367,6240,413,17893,23771,41664
2011,13,Italia,3522,17276,9587,810,31195,13388,44583
2011,13,Suecia,1583,11478,7650,139,20850,56705,77555
2011,13,Noruega,1899,4142,7125,112,13278,39931,53209
2011,13,Dinamarca,826,3303,5804,170,10103,31515,41618
2011,13,Finlandia,950,5128,7045,68,13191,41134,54325
2011,13,Suiza,1081,4353,1530,124,7088,5041,12129
2011,13,Austria,690,5017,1093,94,6894,4205,11099
2011,13,Rusia,6785,8038,2712,79,17614,10627,28241
2011,13,Países del Este,2479,4849,3725,1638,12691,6671,19362
2011,13,Resto de Europa,2197,6694,4678,176,13745,10350,24095
2011,13,Estados Unidos,369,529,231,51,1180,1376,2556
2011,13,Resto de América,644,562,506,305,2017,2023,4040
2011,13,Resto del Mundo,4311,11707,324,202,16544,3826,20370
2011,13,TOTAL,87787,393703,204044,20012,705546,810214,1515760
2012,1,España,1165,2658,792,70,4685,2038,6723
2012,1,Holanda,142,1643,550,0,2335,3022,5357
2012,1,Bélgica,328,3375,347,27,4077,970,5047
2012,1,Alemania,556,2852,1393,24,4825,2201,7026
2012,1,Francia,130,625,157,638,1550,639,2189
2012,1,Gran Bretaña,1678,10709,5948,155,18490,19114,37604
2012,1,Irlanda,314,773,448,5,1540,927,2467
2012,1,Italia,508,2771,1280,7,4566,847,5413
2012,1,Suecia,305,1350,1152,0,2807,10125,12932
2012,1,Noruega,271,416,803,0,1490,5690,7180
2012,1,Dinamarca,191,307,494,9,1001,4023,5024
2012,1,Finlandia,194,851,800,0,1845,5796,7641
2012,1,Suiza,124,274,73,7,478,179,657
2012,1,Austria,84,306,100,4,494,298,792
2012,1,Rusia,581,539,219,7,1346,764,2110
2012,1,Países del Este,196,284,266,168,914,525,1439
2012,1,Resto de Europa,126,409,288,2,825,527,1352
2012,1,Estados Unidos,29,8,21,0,58,60,118
2012,1,Resto de América,35,18,25,3,81,68,149
2012,1,Resto del Mundo,426,632,39,0,1097,164,1261
2012,1,TOTAL,7383,30800,15195,1126,54504,57977,112481
2012,2,España,1060,2098,778,106,4042,1670,5712
2012,2,Holanda,132,1660,655,31,2478,2804,5282
2012,2,Bélgica,291,1851,429,41,2612,692,3304
2012,2,Alemania,579,2798,1490,144,5011,1928,6939
2012,2,Francia,153,364,339,439,1295,794,2089
2012,2,Gran Bretaña,2091,11828,6314,338,20571,20605,41176
2012,2,Irlanda,396,631,413,64,1504,1157,2661
2012,2,Italia,328,1372,650,64,2414,550,2964
2012,2,Suecia,261,1930,934,24,3149,10922,14071
2012,2,Noruega,330,1017,733,15,2095,6454,8549
2012,2,Dinamarca,181,929,558,37,1705,4225,5930
2012,2,Finlandia,148,1366,760,13,2287,4165,6452
2012,2,Suiza,104,239,92,16,451,283,734
2012,2,Austria,94,294,123,9,520,343,863
2012,2,Rusia,247,392,156,9,804,436,1240
2012,2,Países del Este,70,261,344,95,770,482,1252
2012,2,Resto de Europa,266,361,550,13,1190,658,1848
2012,2,Estados Unidos,16,45,38,4,103,110,213
2012,2,Resto de América,30,15,15,11,71,60,131
2012,2,Resto del Mundo,351,801,23,37,1212,123,1335
2012,2,TOTAL,7128,30252,15394,1510,54284,58461,112745
2012,3,España,961,2929,964,190,5044,3079,8123
2012,3,Holanda,131,1621,519,36,2307,2965,5272
2012,3,Bélgica,273,2326,491,39,3129,1181,4310
2012,3,Alemania,513,2687,1581,186,4967,2131,7098
2012,3,Francia,141,608,285,794,1828,890,2718
2012,3,Gran Bretaña,2235,13897,7075,317,23524,27834,51358
2012,3,Irlanda,267,637,372,43,1319,1150,2469
2012,3,Italia,195,1164,521,71,1951,523,2474
2012,3,Suecia,245,1562,989,17,2813,9143,11956
2012,3,Noruega,302,850,1022,22,2196,5874,8070
2012,3,Dinamarca,157,893,557,36,1643,3911,5554
2012,3,Finlandia,163,703,983,7,1856,4459,6315
2012,3,Suiza,139,226,84,10,459,263,722
2012,3,Austria,45,327,62,4,438,389,827
2012,3,Rusia,491,728,142,13,1374,619,1993
2012,3,Países del Este,154,441,370,170,1135,647,1782
2012,3,Resto de Europa,202,510,818,9,1539,713,2252
2012,3,Estados Unidos,40,63,32,4,139,77,216
2012,3,Resto de América,26,31,43,24,124,91,215
2012,3,Resto del Mundo,429,638,24,28,1119,169,1288
2012,3,TOTAL,7109,32841,16934,2020,58904,66108,125012
2012,4,España,1442,5064,2327,343,9176,7806,16982
2012,4,Holanda,102,2017,436,13,2568,3056,5624
2012,4,Bélgica,206,2281,422,22,2931,832,3763
2012,4,Alemania,485,2857,1329,127,4798,1912,6710
2012,4,Francia,162,921,485,916,2484,2417,4901
2012,4,Gran Bretaña,2237,13822,5050,187,21296,27309,48605
2012,4,Irlanda,260,730,311,15,1316,1500,2816
2012,4,Italia,238,903,605,41,1787,580,2367
2012,4,Suecia,102,868,574,6,1550,5035,6585
2012,4,Noruega,131,468,560,11,1170,2815,3985
2012,4,Dinamarca,99,396,559,7,1061,1991,3052
2012,4,Finlandia,57,332,481,3,873,1466,2339
2012,4,Suiza,102,364,178,7,651,459,1110
2012,4,Austria,38,322,28,4,392,227,619
2012,4,Rusia,807,806,94,12,1719,841,2560
2012,4,Países del Este,134,443,88,100,765,602,1367
2012,4,Resto de Europa,254,416,480,8,1158,864,2022
2012,4,Estados Unidos,32,54,28,3,117,127,244
2012,4,Resto de América,23,37,62,15,137,122,259
2012,4,Resto del Mundo,355,705,63,13,1136,192,1328
2012,4,TOTAL,7266,33806,14160,1853,57085,60153,117238
2012,5,España,1226,3594,1601,185,6606,4719,11325
2012,5,Holanda,139,1531,337,5,2012,2646,4658
2012,5,Bélgica,193,2585,340,19,3137,666,3803
2012,5,Alemania,304,2554,1327,62,4247,1391,5638
2012,5,Francia,116,534,296,532,1478,1431,2909
2012,5,Gran Bretaña,2133,15617,5176,93,23019,28598,51617
2012,5,Irlanda,317,742,428,25,1512,2158,3670
2012,5,Italia,163,754,372,26,1315,467,1782
2012,5,Suecia,4,35,120,4,163,57,220
2012,5,Noruega,15,9,65,1,90,165,255
2012,5,Dinamarca,22,20,392,6,440,894,1334
2012,5,Finlandia,10,6,76,1,93,185,278
2012,5,Suiza,72,236,75,13,396,318,714
2012,5,Austria,53,211,59,11,334,136,470
2012,5,Rusia,781,787,202,6,1776,639,2415
2012,5,Países del Este,131,380,231,92,834,621,1455
2012,5,Resto de Europa,163,245,580,9,997,1011,2008
2012,5,Estados Unidos,42,41,29,1,113,104,217
2012,5,Resto de América,39,55,46,9,149,127,276
2012,5,Resto del Mundo,392,1056,41,10,1499,395,1894
2012,5,TOTAL,6315,30992,11793,1110,50210,46728,96938
2012,6,España,2102,4996,2867,262,10227,8547,18774
2012,6,Holanda,93,1916,290,5,2304,2210,4514
2012,6,Bélgica,208,2598,409,16,3231,771,4002
2012,6,Alemania,363,2771,1598,50,4782,1326,6108
2012,6,Francia,101,886,188,359,1534,1403,2937
2012,6,Gran Bretaña,2096,12681,7231,186,22194,34732,56926
2012,6,Irlanda,203,625,484,17,1329,3043,4372
2012,6,Italia,147,784,579,38,1548,596,2144
2012,6,Suecia,13,8,129,1,151,301,452
2012,6,Noruega,9,11,155,5,180,383,563
2012,6,Dinamarca,12,17,223,4,256,719,975
2012,6,Finlandia,8,6,4,3,21,12,33
2012,6,Suiza,90,295,101,12,498,189,687
2012,6,Austria,35,366,137,2,540,168,708
2012,6,Rusia,935,1579,227,7,2748,961,3709
2012,6,Países del Este,189,442,154,97,882,956,1838
2012,6,Resto de Europa,239,554,613,6,1412,932,2344
2012,6,Estados Unidos,31,39,33,10,113,104,217
2012,6,Resto de América,36,37,65,29,167,171,338
2012,6,Resto del Mundo,339,1631,115,16,2101,334,2435
2012,6,TOTAL,7249,32242,15602,1125,56218,57858,114076
2012,7,España,2578,7499,5614,578,16269,8486,24755
2012,7,Holanda,73,2588,332,16,3009,4569,7578
2012,7,Bélgica,311,3128,304,19,3762,1524,5286
2012,7,Alemania,270,2873,1454,57,4654,1585,6239
2012,7,Francia,128,408,262,265,1063,1735,2798
2012,7,Gran Bretaña,2156,13383,5979,110,21628,35864,57492
2012,7,Irlanda,262,619,528,3,1412,2305,3717
2012,7,Italia,227,1246,394,39,1906,1166,3072
2012,7,Suecia,9,41,300,0,350,350,700
2012,7,Noruega,37,32,210,0,279,1004,1283
2012,7,Dinamarca,18,42,348,3,411,1774,2185
2012,7,Finlandia,0,3,6,1,10,40,50
2012,7,Suiza,91,720,70,12,893,654,1547
2012,7,Austria,42,527,42,5,616,354,970
2012,7,Rusia,1265,1247,241,6,2759,1014,3773
2012,7,Países del Este,284,539,388,99,1310,793,2103
2012,7,Resto de Europa,366,292,523,6,1187,1168,2355
2012,7,Estados Unidos,45,44,42,4,135,127,262
2012,7,Resto de América,49,21,74,14,158,142,300
2012,7,Resto del Mundo,179,1728,77,24,2008,319,2327
2012,7,TOTAL,8390,36980,17188,1261,63819,64973,128792
2012,8,España,2510,9283,4130,528,16451,13958,30409
2012,8,Holanda,71,2393,476,19,2959,4123,7082
2012,8,Bélgica,223,3550,380,15,4168,1118,5286
2012,8,Alemania,254,2642,1894,77,4867,1952,6819
2012,8,Francia,146,967,349,302,1764,2403,4167
2012,8,Gran Bretaña,1626,10368,7327,142,19463,37290,56753
2012,8,Irlanda,198,572,596,13,1379,2011,3390
2012,8,Italia,266,1961,1671,89,3987,2366,6353
2012,8,Suecia,7,24,9,2,42,127,169
2012,8,Noruega,14,29,28,0,71,360,431
2012,8,Dinamarca,2,14,94,5,115,281,396
2012,8,Finlandia,4,3,4,0,11,22,33
2012,8,Suiza,60,470,97,3,630,281,911
2012,8,Austria,59,543,135,5,742,228,970
2012,8,Rusia,1292,1096,283,3,2674,757,3431
2012,8,Países del Este,239,349,270,173,1031,752,1783
2012,8,Resto de Europa,415,886,929,8,2238,1158,3396
2012,8,Estados Unidos,22,20,33,0,75,138,213
2012,8,Resto de América,26,48,131,14,219,187,406
2012,8,Resto del Mundo,405,1603,77,13,2098,325,2423
2012,8,TOTAL,7839,36821,18913,1411,64984,69837,134821
2012,9,España,1220,4702,2655,248,8825,8015,16840
2012,9,Holanda,125,1820,333,15,2293,3075,5368
2012,9,Bélgica,286,3561,436,20,4303,732,5035
2012,9,Alemania,425,2869,1779,70,5143,1711,6854
2012,9,Francia,62,529,258,417,1266,1228,2494
2012,9,Gran Bretaña,2718,11722,7983,114,22537,31638,54175
2012,9,Irlanda,431,623,524,6,1584,2172,3756
2012,9,Italia,101,1099,575,28,1803,729,2532
2012,9,Suecia,22,19,15,3,59,297,356
2012,9,Noruega,21,29,95,2,147,920,1067
2012,9,Dinamarca,26,36,151,9,222,505,727
2012,9,Finlandia,0,14,18,0,32,190,222
2012,9,Suiza,111,305,171,6,593,493,1086
2012,9,Austria,87,378,101,2,568,244,812
2012,9,Rusia,1134,792,375,9,2310,912,3222
2012,9,Países del Este,204,379,260,148,991,565,1556
2012,9,Resto de Europa,262,368,858,5,1493,886,2379
2012,9,Estados Unidos,36,22,16,1,75,80,155
2012,9,Resto de América,24,30,63,24,141,145,286
2012,9,Resto del Mundo,375,1638,55,14,2082,229,2311
2012,9,TOTAL,7670,30935,16721,1141,56467,54766,111233
2012,10,España,1108,3510,2331,216,7165,4567,11732
2012,10,Holanda,158,2056,436,27,2677,3404,6081
2012,10,Bélgica,340,2660,469,20,3489,1143,4632
2012,10,Alemania,566,2555,1841,94,5056,1820,6876
2012,10,Francia,147,509,313,474,1443,703,2146
2012,10,Gran Bretaña,2708,16687,9308,135,28838,29630,58468
2012,10,Irlanda,337,1013,609,12,1971,1308,3279
2012,10,Italia,138,1035,808,75,2056,650,2706
2012,10,Suecia,201,455,313,25,994,5658,6652
2012,10,Noruega,203,365,467,4,1039,4196,5235
2012,10,Dinamarca,84,278,427,3,792,2147,2939
2012,10,Finlandia,103,384,163,0,650,3016,3666
2012,10,Suiza,147,468,276,18,909,738,1647
2012,10,Austria,60,246,83,3,392,333,725
2012,10,Rusia,1060,612,446,11,2129,874,3003
2012,10,Países del Este,164,453,197,118,932,1086,2018
2012,10,Resto de Europa,209,648,700,20,1577,901,2478
2012,10,Estados Unidos,20,36,26,0,82,48,130
2012,10,Resto de América,41,21,82,21,165,97,262
2012,10,Resto del Mundo,252,275,32,13,572,141,713
2012,10,TOTAL,8046,34266,19327,1289,62928,62460,125388
2012,11,España,821,2398,931,205,4355,2342,6697
2012,11,Holanda,179,1807,299,35,2320,2354,4674
2012,11,Bélgica,268,2950,266,36,3520,1140,4660
2012,11,Alemania,645,2916,1750,174,5485,2267,7752
2012,11,Francia,129,497,186,326,1138,692,1830
2012,11,Gran Bretaña,2286,12244,6973,564,22067,23410,45477
2012,11,Irlanda,364,620,457,55,1496,1055,2551
2012,11,Italia,230,885,511,94,1720,597,2317
2012,11,Suecia,326,885,1264,35,2510,8038,10548
2012,11,Noruega,422,722,769,17,1930,7156,9086
2012,11,Dinamarca,110,488,598,21,1217,2948,4165
2012,11,Finlandia,208,775,936,9,1928,4261,6189
2012,11,Suiza,152,376,77,19,624,394,1018
2012,11,Austria,106,315,97,6,524,368,892
2012,11,Rusia,886,800,252,10,1948,871,2819
2012,11,Países del Este,148,236,217,129,730,700,1430
2012,11,Resto de Europa,229,212,612,3,1056,365,1421
2012,11,Estados Unidos,19,19,22,0,60,43,103
2012,11,Resto de América,18,13,53,8,92,39,131
2012,11,Resto del Mundo,143,103,16,10,272,247,519
2012,11,TOTAL,7689,29261,16286,1756,54992,59287,114279
2012,12,España,1308,3528,988,49,5873,2243,8116
2012,12,Holanda,147,1563,345,17,2072,2570,4642
2012,12,Bélgica,368,2846,330,5,3549,1040,4589
2012,12,Alemania,529,2123,703,14,3369,1876,5245
2012,12,Francia,146,415,173,592,1326,647,1973
2012,12,Gran Bretaña,2037,12655,6082,306,21080,23073,44153
2012,12,Irlanda,157,439,423,5,1024,873,1897
2012,12,Italia,231,721,655,19,1626,815,2441
2012,12,Suecia,226,1117,1234,5,2582,8172,10754
2012,12,Noruega,192,705,643,0,1540,5299,6839
2012,12,Dinamarca,95,380,427,15,917,3762,4679
2012,12,Finlandia,116,767,317,8,1208,5091,6299
2012,12,Suiza,108,276,92,9,485,332,817
2012,12,Austria,73,337,56,0,466,318,784
2012,12,Rusia,697,508,226,8,1439,589,2028
2012,12,Países del Este,136,267,146,123,672,673,1345
2012,12,Resto de Europa,198,253,380,11,842,588,1430
2012,12,Estados Unidos,28,42,65,0,135,106,241
2012,12,Resto de América,19,24,36,5,84,124,208
2012,12,Resto del Mundo,330,156,37,3,526,275,801
2012,12,TOTAL,7141,29122,13358,1194,50815,58466,109281
2012,13,España,17501,52259,25978,2980,98718,67470,166188
2012,13,Holanda,1492,22615,5008,219,29334,36798,66132
2012,13,Bélgica,3295,33711,4623,279,41908,11809,53717
2012,13,Alemania,5489,32497,18139,1079,57204,22100,79304
2012,13,Francia,1561,7263,3291,6054,18169,14982,33151
2012,13,Gran Bretaña,26001,155613,80446,2647,264707,339097,603804
2012,13,Irlanda,3506,8024,5593,263,17386,19659,37045
2012,13,Italia,2772,14695,8621,591,26679,9886,36565
2012,13,Suecia,1721,8294,7033,122,17170,58225,75395
2012,13,Noruega,1947,4653,5550,77,12227,40316,52543
2012,13,Dinamarca,997,3800,4828,155,9780,27180,36960
2012,13,Finlandia,1011,5210,4548,45,10814,28703,39517
2012,13,Suiza,1300,4249,1386,132,7067,4583,11650
2012,13,Austria,776,4172,1023,55,6026,3406,9432
2012,13,Rusia,10176,9886,2863,101,23026,9277,32303
2012,13,Países del Este,2049,4474,2931,1512,10966,8402,19368
2012,13,Resto de Europa,2929,5154,7331,100,15514,9771,25285
2012,13,Estados Unidos,360,433,385,27,1205,1124,2329
2012,13,Resto de América,366,350,695,177,1588,1373,2961
2012,13,Resto del Mundo,3976,10966,599,181,15722,2913,18635
2012,13,TOTAL,89225,388318,190871,16796,685210,717074,1402284
2013,1,España,883,2632,672,79,4266,1616,5882
2013,1,Holanda,153,1458,327,51,1989,2319,4308
2013,1,Bélgica,256,2836,466,34,3592,914,4506
2013,1,Alemania,511,2405,1333,124,4373,1792,6165
2013,1,Francia,117,496,148,435,1196,698,1894
2013,1,Gran Bretaña,2083,11207,6351,348,19989,20174,40163
2013,1,Irlanda,349,733,512,55,1649,1139,2788
2013,1,Italia,399,1731,962,69,3161,760,3921
2013,1,Suecia,266,1063,1076,34,2439,9177,11616
2013,1,Noruega,385,841,976,23,2225,5908,8133
2013,1,Dinamarca,132,668,515,40,1355,3889,5244
2013,1,Finlandia,219,1068,790,18,2095,4064,6159
2013,1,Suiza,121,208,65,2,396,340,736
2013,1,Austria,76,301,52,6,435,198,633
2013,1,Rusia,983,775,285,16,2059,775,2834
2013,1,Países del Este,128,277,215,90,710,655,1365
2013,1,Resto de Europa,175,249,653,8,1085,551,1636
2013,1,Estados Unidos,43,45,23,2,113,34,147
2013,1,Resto de América,34,16,35,13,98,73,171
2013,1,Resto del Mundo,154,128,23,8,313,163,476
2013,1,TOTAL,7467,29137,15479,1455,53538,55239,108777
2013,2,España,857,2233,774,84,3948,2044,5992
2013,2,Holanda,188,1359,420,33,2000,2743,4743
2013,2,Bélgica,298,2544,379,26,3247,825,4072
2013,2,Alemania,626,1931,1405,130,4092,1609,5701
2013,2,Francia,186,452,236,510,1384,798,2182
2013,2,Gran Bretaña,2615,9766,5736,227,18344,20721,39065
2013,2,Irlanda,370,797,511,73,1751,1047,2798
2013,2,Italia,228,1538,565,37,2368,699,3067
2013,2,Suecia,312,1281,1000,20,2613,8138,10751
2013,2,Noruega,445,951,1024,23,2443,6214,8657
2013,2,Dinamarca,194,837,651,37,1719,3287,5006
2013,2,Finlandia,186,1006,826,14,2032,4766,6798
2013,2,Suiza,151,248,101,22,522,236,758
2013,2,Austria,75,254,85,5,419,329,748
2013,2,Rusia,463,794,213,15,1485,538,2023
2013,2,Países del Este,142,179,256,148,725,594,1319
2013,2,Resto de Europa,200,318,486,6,1010,650,1660
2013,2,Estados Unidos,32,19,21,2,74,61,135
2013,2,Resto de América,14,49,27,14,104,64,168
2013,2,Resto del Mundo,180,354,29,8,571,178,749
2013,2,TOTAL,7762,26910,14745,1434,50851,55541,106392
2013,3,España,1705,4915,1752,297,8669,6267,14936
2013,3,Holanda,175,1664,367,29,2235,2513,4748
2013,3,Bélgica,276,2731,402,48,3457,1292,4749
2013,3,Alemania,551,2457,1531,143,4682,2406,7088
2013,3,Francia,159,616,253,822,1850,1084,2934
2013,3,Gran Bretaña,2444,14501,7512,221,24678,27006,51684
2013,3,Irlanda,355,856,562,35,1808,1218,3026
2013,3,Italia,163,864,600,38,1665,495,2160
2013,3,Suecia,337,1078,1226,17,2658,9293,11951
2013,3,Noruega,379,1222,1117,19,2737,6880,9617
2013,3,Dinamarca,189,833,725,38,1785,3572,5357
2013,3,Finlandia,139,842,1104,14,2099,4875,6974
2013,3,Suiza,168,244,122,15,549,271,820
2013,3,Austria,60,278,57,4,399,344,743
2013,3,Rusia,843,1106,317,17,2283,696,2979
2013,3,Países del Este,126,252,250,98,726,597,1323
2013,3,Resto de Europa,254,560,664,7,1485,836,2321
2013,3,Estados Unidos,41,54,54,4,153,145,298
2013,3,Resto de América,8,39,32,9,88,92,180
2013,3,Resto del Mundo,379,315,24,2,720,123,843
2013,3,TOTAL,8751,35427,18671,1877,64726,70005,134731
2013,4,España,1066,2794,1510,184,5554,4712,10266
2013,4,Holanda,166,1857,338,11,2372,3190,5562
2013,4,Bélgica,344,2570,306,13,3233,810,4043
2013,4,Alemania,568,2228,1079,68,3943,1856,5799
2013,4,Francia,129,938,444,612,2123,1235,3358
2013,4,Gran Bretaña,2759,13666,7611,163,24199,27398,51597
2013,4,Irlanda,342,755,541,20,1658,1329,2987
2013,4,Italia,218,856,832,44,1950,619,2569
2013,4,Suecia,120,419,515,5,1059,4593,5652
2013,4,Noruega,80,278,379,6,743,1760,2503
2013,4,Dinamarca,84,497,380,8,969,2286,3255
2013,4,Finlandia,36,270,426,2,734,1634,2368
2013,4,Suiza,137,319,181,5,642,489,1131
2013,4,Austria,57,275,62,6,400,184,584
2013,4,Rusia,1237,879,314,3,2433,1163,3596
2013,4,Países del Este,160,372,245,114,891,548,1439
2013,4,Resto de Europa,223,278,463,16,980,657,1637
2013,4,Estados Unidos,32,63,46,2,143,104,247
2013,4,Resto de América,29,21,30,10,90,67,157
2013,4,Resto del Mundo,367,955,17,1,1340,223,1563
2013,4,TOTAL,8154,30290,15719,1293,55456,54857,110313
2013,5,España,2247,5026,1715,180,9168,5533,14701
2013,5,Holanda,90,1752,316,10,2168,2424,4592
2013,5,Bélgica,178,2796,399,24,3397,768,4165
2013,5,Alemania,303,1988,1295,96,3682,1907,5589
2013,5,Francia,79,684,240,424,1427,1393,2820
2013,5,Gran Bretaña,1850,14537,7625,291,24303,30697,55000
2013,5,Irlanda,149,847,573,24,1593,1421,3014
2013,5,Italia,88,556,446,36,1126,531,1657
2013,5,Suecia,18,22,22,2,64,577,641
2013,5,Noruega,9,84,90,1,184,1086,1270
2013,5,Dinamarca,13,37,153,3,206,754,960
2013,5,Finlandia,0,4,147,0,151,289,440
2013,5,Suiza,80,224,78,4,386,290,676
2013,5,Austria,43,267,48,1,359,192,551
2013,5,Rusia,907,1306,504,15,2732,950,3682
2013,5,Países del Este,135,291,258,180,864,605,1469
2013,5,Resto de Europa,219,294,640,8,1161,945,2106
2013,5,Estados Unidos,8,31,39,0,78,43,121
2013,5,Resto de América,24,35,27,14,100,82,182
2013,5,Resto del Mundo,473,1486,21,14,1994,309,2303
2013,5,TOTAL,6913,32267,14636,1327,55143,50796,105939
2013,6,España,1923,5552,3166,266,10907,9006,19913
2013,6,Holanda,85,1582,241,4,1912,1988,3900
2013,6,Bélgica,174,2853,299,10,3336,746,4082
2013,6,Alemania,326,2417,1343,50,4136,1186,5322
2013,6,Francia,93,414,310,351,1168,1098,2266
2013,6,Gran Bretaña,2053,12757,8112,422,23344,31328,54672
2013,6,Irlanda,184,640,749,12,1585,2598,4183
2013,6,Italia,114,520,628,36,1298,605,1903
2013,6,Suecia,8,11,87,0,106,357,463
2013,6,Noruega,13,66,103,2,184,548,732
2013,6,Dinamarca,5,31,142,12,190,800,990
2013,6,Finlandia,2,2,26,0,30,65,95
2013,6,Suiza,91,227,96,16,430,160,590
2013,6,Austria,49,420,92,1,562,163,725
2013,6,Rusia,1156,1621,469,12,3258,1473,4731
2013,6,Países del Este,111,383,198,124,816,701,1517
2013,6,Resto de Europa,287,376,351,10,1024,703,1727
2013,6,Estados Unidos,34,40,25,2,101,97,198
2013,6,Resto de América,41,39,48,24,152,120,272
2013,6,Resto del Mundo,56,1413,53,13,1535,392,1927
2013,6,TOTAL,6805,31364,16538,1367,56074,54134,110208
2013,7,España,1197,7896,3474,503,13070,8603,21673
2013,7,Holanda,131,2649,298,11,3089,4424,7513
2013,7,Bélgica,174,3575,285,19,4053,1271,5324
2013,7,Alemania,213,2280,1504,70,4067,1157,5224
2013,7,Francia,58,504,276,261,1099,1245,2344
2013,7,Gran Bretaña,1250,12843,8219,320,22632,35776,58408
2013,7,Irlanda,159,660,660,7,1486,2457,3943
2013,7,Italia,65,1287,905,53,2310,862,3172
2013,7,Suecia,25,74,157,2,258,343,601
2013,7,Noruega,56,71,241,2,370,1560,1930
2013,7,Dinamarca,22,82,257,5,366,1147,1513
2013,7,Finlandia,0,8,1,4,13,53,66
2013,7,Suiza,79,563,202,10,854,379,1233
2013,7,Austria,32,710,98,7,847,226,1073
2013,7,Rusia,1094,2477,525,17,4113,1679,5792
2013,7,Países del Este,52,456,569,156,1233,728,1961
2013,7,Resto de Europa,463,755,399,14,1631,726,2357
2013,7,Estados Unidos,28,47,9,2,86,107,193
2013,7,Resto de América,23,39,33,20,115,98,213
2013,7,Resto del Mundo,85,1153,54,11,1303,355,1658
2013,7,TOTAL,5206,38129,18166,1494,62995,63196,126191
2013,8,España,1835,9606,3521,507,15469,14075,29544
2013,8,Holanda,95,1942,412,9,2458,3463,5921
2013,8,Bélgica,116,2951,328,17,3412,998,4410
2013,8,Alemania,153,2132,2000,82,4367,1804,6171
2013,8,Francia,80,879,331,329,1619,1978,3597
2013,8,Gran Bretaña,1058,14876,5917,339,22190,37328,59518
2013,8,Irlanda,112,723,651,6,1492,2192,3684
2013,8,Italia,133,1627,1929,75,3764,2283,6047
2013,8,Suecia,10,29,129,2,170,359,529
2013,8,Noruega,31,82,142,1,256,449,705
2013,8,Dinamarca,0,11,390,6,407,598,1005
2013,8,Finlandia,0,20,9,0,29,89,118
2013,8,Suiza,46,359,68,10,483,179,662
2013,8,Austria,54,557,119,13,743,291,1034
2013,8,Rusia,809,2062,554,10,3435,1298,4733
2013,8,Países del Este,77,341,388,154,960,930,1890
2013,8,Resto de Europa,303,611,474,13,1401,856,2257
2013,8,Estados Unidos,8,45,21,1,75,48,123
2013,8,Resto de América,15,30,74,23,142,121,263
2013,8,Resto del Mundo,105,1766,63,15,1949,396,2345
2013,8,TOTAL,5040,40649,17520,1612,64821,69735,134556
2013,9,España,1211,4599,1362,317,7489,8071,15560
2013,9,Holanda,102,1813,315,9,2239,2448,4687
2013,9,Bélgica,161,2844,366,20,3391,771,4162
2013,9,Alemania,216,2387,1613,66,4282,1618,5900
2013,9,Francia,47,454,202,203,906,1566,2472
2013,9,Gran Bretaña,1516,15407,7177,132,24232,34352,58584
2013,9,Irlanda,170,973,701,12,1856,2170,4026
2013,9,Italia,80,974,1039,42,2135,1018,3153
2013,9,Suecia,4,25,75,2,106,378,484
2013,9,Noruega,57,27,168,6,258,501,759
2013,9,Dinamarca,10,47,175,0,232,632,864
2013,9,Finlandia,2,3,26,0,31,80,111
2013,9,Suiza,64,315,155,2,536,461,997
2013,9,Austria,29,405,139,4,577,193,770
2013,9,Rusia,761,1489,849,11,3110,1240,4350
2013,9,Países del Este,33,263,367,88,751,1270,2021
2013,9,Resto de Europa,321,602,427,9,1359,901,2260
2013,9,Estados Unidos,27,31,22,3,83,49,132
2013,9,Resto de América,9,50,62,8,129,177,306
2013,9,Resto del Mundo,90,1530,39,11,1670,370,2040
2013,9,TOTAL,4910,34238,15279,945,55372,58266,113638
2013,10,España,180,3567,1427,296,5470,4230,9700
2013,10,Holanda,24,1736,276,17,2053,3090,5143
2013,10,Bélgica,34,2556,305,21,2916,904,3820
2013,10,Alemania,104,2624,1559,118,4405,1955,6360
2013,10,Francia,0,752,304,375,1431,1304,2735
2013,10,Gran Bretaña,521,18296,7609,283,26709,29310,56019
2013,10,Irlanda,14,1216,528,29,1787,1596,3383
2013,10,Italia,23,1034,1044,107,2208,928,3136
2013,10,Suecia,5,768,831,37,1641,6075,7716
2013,10,Noruega,10,728,1024,9,1771,4683,6454
2013,10,Dinamarca,27,422,588,9,1046,2446,3492
2013,10,Finlandia,17,526,509,2,1054,2398,3452
2013,10,Suiza,42,547,248,11,848,568,1416
2013,10,Austria,17,330,104,3,454,270,724
2013,10,Rusia,140,1585,868,15,2608,1091,3699
2013,10,Países del Este,25,404,486,126,1041,819,1860
2013,10,Resto de Europa,14,483,756,7,1260,1165,2425
2013,10,Estados Unidos,5,33,16,5,59,32,91
2013,10,Resto de América,0,33,48,30,111,93,204
2013,10,Resto del Mundo,12,1181,31,20,1244,275,1519
2013,10,TOTAL,1214,38821,18561,1520,60116,63232,123348
2013,11,España,810,2955,757,251,4773,2281,7054
2013,11,Holanda,87,1711,297,45,2140,2353,4493
2013,11,Bélgica,209,2831,398,55,3493,970,4463
2013,11,Alemania,497,3524,1191,216,5428,4017,9445
2013,11,Francia,86,473,110,374,1043,533,1576
2013,11,Gran Bretaña,1721,15207,6724,452,24104,21603,45707
2013,11,Irlanda,211,888,303,39,1441,897,2338
2013,11,Italia,139,1077,927,96,2239,741,2980
2013,11,Suecia,225,1573,1464,45,3307,8908,12215
2013,11,Noruega,333,1393,1351,48,3125,8290,11415
2013,11,Dinamarca,58,560,585,22,1225,3888,5113
2013,11,Finlandia,101,1048,897,7,2053,5091,7144
2013,11,Suiza,123,460,120,15,718,351,1069
2013,11,Austria,111,533,107,6,757,414,1171
2013,11,Rusia,382,1312,379,28,2101,900,3001
2013,11,Países del Este,17,376,508,216,1117,850,1967
2013,11,Resto de Europa,164,294,300,12,770,359,1129
2013,11,Estados Unidos,17,34,38,2,91,58,149
2013,11,Resto de América,36,39,30,10,115,76,191
2013,11,Resto del Mundo,51,886,34,17,988,253,1241
2013,11,TOTAL,5378,37174,16520,1956,61028,62833,123861
2013,12,España,978,4085,774,162,5999,2440,8439
2013,12,Holanda,106,1645,307,53,2111,2223,4334
2013,12,Bélgica,340,2721,364,44,3469,1129,4598
2013,12,Alemania,391,2280,952,191,3814,2932,6746
2013,12,Francia,100,494,151,428,1173,709,1882
2013,12,Gran Bretaña,1421,14223,5793,283,21720,22793,44513
2013,12,Irlanda,114,550,391,30,1085,753,1838
2013,12,Italia,248,1380,621,67,2316,860,3176
2013,12,Suecia,121,1432,1507,66,3126,12116,15242
2013,12,Noruega,105,982,1522,44,2653,6412,9065
2013,12,Dinamarca,84,538,618,31,1271,4263,5534
2013,12,Finlandia,95,882,872,37,1886,5350,7236
2013,12,Suiza,68,384,74,19,545,332,877
2013,12,Austria,74,318,77,19,488,325,813
2013,12,Rusia,391,1136,290,13,1830,917,2747
2013,12,Países del Este,35,543,274,152,1004,816,1820
2013,12,Resto de Europa,172,292,243,18,725,741,1466
2013,12,Estados Unidos,10,38,28,7,83,75,158
2013,12,Resto de América,30,42,99,11,182,110,292
2013,12,Resto del Mundo,64,842,68,20,994,489,1483
2013,12,TOTAL,4947,34807,15025,1695,56474,65785,122259
2013,13,España,11772,45532,27712,8997,71574,75246,139683
2013,13,Holanda,1186,17153,7606,806,21780,31767,54943
2013,13,Bélgica,2212,27728,10141,886,33636,16770,45005
2013,13,Alemania,3920,24495,18655,4081,43188,30099,67307
2013,13,Francia,983,6389,3337,5098,14764,13565,27793
2013,13,Gran Bretaña,17988,144989,93655,19070,231210,317358,568954
2013,13,Irlanda,2186,8681,6573,1732,16139,16833,34937
2013,13,Italia,1719,11816,10772,2144,23021,12542,33333
2013,13,Suecia,1418,7723,7930,474,17185,59978,77497
2013,13,Noruega,1834,6657,7930,524,16399,42737,60686
2013,13,Dinamarca,791,4477,4893,593,10232,26171,37777
2013,13,Finlandia,795,5671,5616,121,12168,28679,40918
2013,13,Suiza,1000,3478,2002,403,5651,4801,9681
2013,13,Austria,596,3599,1980,257,5039,4149,8160
2013,13,Rusia,6916,14694,8671,1137,24105,16939,36796
2013,13,Países del Este,878,3461,4086,2133,9069,9733,17902
2013,13,Resto de Europa,2045,4731,6237,854,11260,10316,20326
2013,13,Estados Unidos,223,455,395,62,956,836,1805
2013,13,Resto de América,199,418,542,223,1203,1222,2332
2013,13,Resto del Mundo,1875,9584,2915,223,11807,5617,15309
2013,13,TOTAL,60536,351731,231648,49818,580386,725358,1301144
2014,1,España,670,2323,502,99,3594,1463,5057
2014,1,Holanda,109,1779,268,47,2203,2079,4282
2014,1,Bélgica,170,2692,375,34,3271,864,4135
2014,1,Alemania,379,2584,1139,169,4271,2899,7170
2014,1,Francia,63,593,140,521,1317,545,1862
2014,1,Gran Bretaña,1584,12548,5364,266,19762,20284,40046
2014,1,Irlanda,182,911,393,22,1508,931,2439
2014,1,Italia,296,1715,808,51,2870,991,3861
2014,1,Suecia,181,1188,1488,46,2903,9685,12588
2014,1,Noruega,229,1168,1216,33,2646,6337,8983
2014,1,Dinamarca,72,617,613,42,1344,3760,5104
2014,1,Finlandia,130,1079,887,14,2110,4654,6764
2014,1,Suiza,115,322,71,9,517,255,772
2014,1,Austria,69,418,108,16,611,275,886
2014,1,Rusia,488,1267,446,23,2224,1157,3381
2014,1,Países del Este,91,336,603,167,1197,721,1918
2014,1,Resto de Europa,217,377,261,9,864,611,1475
2014,1,Estados Unidos,11,34,20,8,73,44,117
2014,1,Resto de América,20,43,24,1,88,91,179
2014,1,Resto del Mundo,37,880,29,3,949,290,1239
2014,1,TOTAL,5113,32874,14755,1580,54322,57936,112258
2014,2,España,847,2711,628,99,4285,1795,6080
2014,2,Holanda,189,1689,379,26,2283,2232,4515
2014,2,Bélgica,292,2143,294,42,2771,956,3727
2014,2,Alemania,485,2301,1073,196,4055,2260,6315
2014,2,Francia,153,769,250,565,1737,963,2700
2014,2,Gran Bretaña,3244,13590,5620,239,22693,20420,43113
2014,2,Irlanda,378,844,475,30,1727,734,2461
2014,2,Italia,278,1387,771,36,2472,758,3230
2014,2,Suecia,275,1461,1218,33,2987,8624,11611
2014,2,Noruega,424,1167,1117,49,2757,6653,9410
2014,2,Dinamarca,163,765,622,48,1598,4097,5695
2014,2,Finlandia,162,893,893,19,1967,5123,7090
2014,2,Suiza,146,448,87,8,689,322,1011
2014,2,Austria,88,380,81,17,566,383,949
2014,2,Rusia,431,661,166,16,1274,526,1800
2014,2,Países del Este,468,307,378,138,1291,1147,2438
2014,2,Resto de Europa,90,398,254,5,747,503,1250
2014,2,Estados Unidos,28,37,18,0,83,46,129
2014,2,Resto de América,13,67,25,4,109,100,209
2014,2,Resto del Mundo,178,854,23,1,1056,184,1240
2014,2,TOTAL,8332,32872,14372,1571,57147,57826,114973
2014,3,España,811,2996,821,153,4781,2476,7257
2014,3,Holanda,205,1785,340,26,2356,2612,4968
2014,3,Bélgica,309,2621,483,39,3452,1140,4592
2014,3,Alemania,374,2833,1264,221,4692,2445,7137
2014,3,Francia,141,786,279,687,1893,986,2879
2014,3,Gran Bretaña,2760,15617,6852,426,25655,24062,49717
2014,3,Irlanda,288,907,438,28,1661,1062,2723
2014,3,Italia,276,1664,941,45,2926,605,3531
2014,3,Suecia,336,1816,1446,38,3636,9322,12958
2014,3,Noruega,446,1526,1400,28,3400,7407,10807
2014,3,Dinamarca,175,690,751,27,1643,4363,6006
2014,3,Finlandia,111,1074,793,15,1993,5026,7019
2014,3,Suiza,135,397,117,14,663,244,907
2014,3,Austria,66,321,80,8,475,210,685
2014,3,Rusia,410,920,205,14,1549,846,2395
2014,3,Países del Este,19,410,335,125,889,1132,2021
2014,3,Resto de Europa,80,373,254,13,720,603,1323
2014,3,Estados Unidos,24,55,16,8,103,83,186
2014,3,Resto de América,31,34,33,11,109,63,172
2014,3,Resto del Mundo,231,515,43,6,795,207,1002
2014,3,TOTAL,7228,37340,16891,1932,63391,64894,128285
2014,4,España,1505,5998,2244,348,10095,7840,17935
2014,4,Holanda,54,1758,334,33,2179,2738,4917
2014,4,Bélgica,215,2366,690,26,3297,1194,4491
2014,4,Alemania,369,2391,1439,170,4369,2602,6971
2014,4,Francia,92,841,344,763,2040,1676,3716
2014,4,Gran Bretaña,2580,16853,9434,206,29073,27234,56307
2014,4,Irlanda,290,1008,654,22,1974,1905,3879
2014,4,Italia,207,1378,1114,45,2744,989,3733
2014,4,Suecia,55,702,717,13,1487,5118,6605
2014,4,Noruega,70,604,1141,18,1833,3525,5358
2014,4,Dinamarca,41,430,517,7,995,2762,3757
2014,4,Finlandia,34,400,425,3,862,1861,2723
2014,4,Suiza,143,475,138,17,773,461,1234
2014,4,Austria,27,295,69,11,402,254,656
2014,4,Rusia,665,1113,183,16,1977,1145,3122
2014,4,Países del Este,19,441,189,118,767,1131,1898
2014,4,Resto de Europa,114,463,380,6,963,926,1889
2014,4,Estados Unidos,40,58,44,2,144,134,278
2014,4,Resto de América,19,53,43,16,131,109,240
2014,4,Resto del Mundo,217,840,259,13,1329,352,1681
2014,4,TOTAL,6756,38467,20358,1853,67434,63956,131390
2014,5,España,866,4685,2029,266,7846,5997,13843
2014,5,Holanda,126,1732,290,24,2172,2205,4377
2014,5,Bélgica,190,2574,324,18,3106,725,3831
2014,5,Alemania,220,2436,1387,160,4203,1766,5969
2014,5,Francia,76,868,295,836,2075,1837,3912
2014,5,Gran Bretaña,1748,16852,8171,207,26978,32753,59731
2014,5,Irlanda,204,1164,744,17,2129,1993,4122
2014,5,Italia,112,1026,870,61,2069,1007,3076
2014,5,Suecia,2,17,52,13,84,111,195
2014,5,Noruega,12,25,191,7,235,134,369
2014,5,Dinamarca,9,43,163,0,215,515,730
2014,5,Finlandia,1,40,109,2,152,215,367
2014,5,Suiza,64,350,104,10,528,278,806
2014,5,Austria,45,316,59,9,429,169,598
2014,5,Rusia,608,1466,193,13,2280,934,3214
2014,5,Países del Este,54,420,161,41,676,1093,1769
2014,5,Resto de Europa,89,385,315,7,796,911,1707
2014,5,Estados Unidos,19,27,18,2,66,130,196
2014,5,Resto de América,6,50,46,13,115,73,188
2014,5,Resto del Mundo,92,1577,424,15,2108,290,2398
2014,5,TOTAL,4543,36053,15945,1721,58262,53136,111398
2014,6,España,929,5.838,3.019,251,10.037,7.139,17.176
2014,6,Holanda,77,1.512,181,6,1.776,1.381,3.157
2014,6,Bélgica,118,2.755,336,15,3.224,567,3.791
2014,6,Alemania,239,2.543,1.495,81,4.358,1.465,5.823
2014,6,Francia,41,472,180,473,1.166,969,2.135
2014,6,Gran Bretaña,1.707,15.844,9.009,232,26.792,34.389,61.181
2014,6,Irlanda,188,939,717,39,1.883,2.671,4.554
2014,6,Italia,93,913,890,55,1.951,968,2.919
2014,6,Suecia,10,20,81,4,115,318,433
2014,6,Noruega,39,33,63,1,136,460,596
2014,6,Dinamarca,14,71,116,2,203,494,697
2014,6,Finlandia,3,17,4,4,28,33,61
2014,6,Suiza,67,295,159,6,527,172,699
2014,6,Austria,39,425,71,7,542,167,709
2014,6,Rusia,668,1.650,332,40,2.690,1.433,4.123
2014,6,Países del Este,15,381,76,42,514,1.091,1.605
2014,6,Resto de Europa,166,501,353,4,1.024,714,1.738
2014,6,Estados Unidos,23,61,25,0,109,129,238
2014,6,Resto de América,8,38,26,19,91,85,176
2014,6,Resto del Mundo,48,1.444,269,22,1.783,220,2.003
2014,6,TOTAL,4492,35752,17402,1303,58949,54865,113814
2014,7,España,1.337,7.004,2.395,408,11.144,7.292,18.436
2014,7,Holanda,93,2.174,470,16,2.753,3.027,5.780
2014,7,Bélgica,167,2.853,321,19,3.360,1.094,4.454
2014,7,Alemania,172,2.254,2.486,93,5.005,1.755,6.760
2014,7,Francia,49,567,202,647,1.465,1.212,2.677
2014,7,Gran Bretaña,1.766,15.669,9.977,261,27.673,37.572,65.245
2014,7,Irlanda,187,822,556,10,1.575,2.464,4.039
2014,7,Italia,107,1.122,939,48,2.216,1.085,3.301
2014,7,Suecia,20,33,265,0,318,360,678
2014,7,Noruega,54,52,227,4,337,1.322,1.659
2014,7,Dinamarca,38,81,371,5,495,1.147,1.642
2014,7,Finlandia,4,12,7,1,24,78,102
2014,7,Suiza,63,498,166,6,733,371,1.104
2014,7,Austria,36,561,181,9,787,252,1.039
2014,7,Rusia,615,1.904,652,10,3.181,1.451,4.632
2014,7,Países del Este,51,560,84,40,735,1.193,1.928
2014,7,Resto de Europa,204,655,642,7,1.508,786,2.294
2014,7,Estados Unidos,33,54,25,2,114,136,250
2014,7,Resto de América,13,33,58,15,119,112,231
2014,7,Resto del Mundo,44,1.584,397,29,2.054,420,2.474
2014,7,TOTAL,5053,38492,20421,1630,65596,63129,128725
2014,8,España,1.901,9.373,3.334,449,15.057,11.710,26.767
2014,8,Holanda,111,2.192,422,9,2.734,2.994,5.728
2014,8,Bélgica,115,2.711,326,22,3.174,708,3.882
2014,8,Alemania,204,2.659,2.071,112,5.046,2.491,7.537
2014,8,Francia,137,893,270,484,1.784,1.797,3.581
2014,8,Gran Bretaña,1.508,15.562,7.692,279,25.041,40.799,65.840
2014,8,Irlanda,159,883,541,12,1.595,2.158,3.753
2014,8,Italia,191,2.047,1.407,139,3.784,2.143,5.927
2014,8,Suecia,10,25,128,2,165,269,434
2014,8,Noruega,16,23,134,2,175,377,552
2014,8,Dinamarca,16,39,207,5,267,305,572
2014,8,Finlandia,0,10,4,0,14,28,42
2014,8,Suiza,36,352,59,9,456,169,625
2014,8,Austria,24,396,119,7,546,163,709
2014,8,Rusia,620,1.914,526,28,3.088,1.550,4.638
2014,8,Países del Este,30,355,177,33,595,1.148,1.743
2014,8,Resto de Europa,192,794,288,11,1.285,789,2.074
2014,8,Estados Unidos,17,30,19,3,69,81,150
2014,8,Resto de América,19,53,58,27,157,135,292
2014,8,Resto del Mundo,78,1.421,306,41,1.846,414,2.260
2014,8,TOTAL,5384,41732,18088,1674,66878,70228,137106
2014,9,España,960,4.508,2.591,431,8.490,6.459,14.949
2014,9,Holanda,95,1.571,386,14,2.066,1.982,4.048
2014,9,Bélgica,186,2.681,539,26,3.432,718,4.150
2014,9,Alemania,274,2.731,3.831,170,7.006,1.594,8.600
2014,9,Francia,55,513,407,493,1.468,883,2.351
2014,9,Gran Bretaña,2.555,17.283,11.811,211,31.860,35.467,67.327
2014,9,Irlanda,214,991,464,12,1.681,1.732,3.413
2014,9,Italia,97,1.500,1.705,84,3.386,1.251,4.637
2014,9,Suecia,24,22,64,3,113,472,585
2014,9,Noruega,44,48,132,12,236,535,771
2014,9,Dinamarca,11,34,156,8,209,546,755
2014,9,Finlandia,17,37,25,6,85,238,323
2014,9,Suiza,77,446,281,17,821,423,1.244
2014,9,Austria,30,301,166,4,501,138,639
2014,9,Rusia,572,1.342,1.696,13,3.623,1.545,5.168
2014,9,Países del Este,33,365,110,58,566,1.075,1.641
2014,9,Resto de Europa,174,466,1.237,10,1.887,700,2.587
2014,9,Estados Unidos,15,56,51,7,129,28,157
2014,9,Resto de América,18,30,34,21,103,114,217
2014,9,Resto del Mundo,49,1.247,513,24,1.833,203,2.036
2014,9,TOTAL,5500,36172,26199,1624,69495,56103,125598
2014,10,España,691,3.468,1.547,350,6.056,3.982,10.038
2014,10,Holanda,136,2.015,469,22,2.642,2.252,4.894
2014,10,Bélgica,206,2.682,389,24,3.301,942,4.243
2014,10,Alemania,337,2.765,1.685,224,5.011,3.043,8.054
2014,10,Francia,145,1.423,290,688,2.546,1.288,3.834
2014,10,Gran Bretaña,2.516,19.123,9.986,251,31.876,32.537,64.413
2014,10,Irlanda,217,1.105,568,47,1.937,1.600,3.537
2014,10,Italia,96,1.468,1.253,134,2.951,1.243,4.194
2014,10,Suecia,116,552,645,27,1.340,5.280,6.620
2014,10,Noruega,174,532,1.082,12,1.800,3.426,5.226
2014,10,Dinamarca,50,328,477,15,870,2.157,3.027
2014,10,Finlandia,85,547,491,5,1.128,2.640,3.768
2014,10,Suiza,158,555,282,17,1.012,654,1.666
2014,10,Austria,26,250,58,11,345,183,528
2014,10,Rusia,410,1.309,834,27,2.580,1.529,4.109
2014,10,Países del Este,44,520,205,76,845,1.543,2.388
2014,10,Resto de Europa,127,531,607,20,1.285,1.063,2.348
2014,10,Estados Unidos,28,26,27,2,83,58,141
2014,10,Resto de América,19,41,27,20,107,106,213
2014,10,Resto del Mundo,54,1.278,346,16,1.694,154,1.848
2014,10,TOTAL,5635,40518,21268,1988,69409,65680,135089
2014,11,España,682,3.056,683,175,4.596,2.251,6.847
2014,11,Holanda,99,1.769,217,44,2.129,1.834,3.963
2014,11,Bélgica,241,3.044,247,51,3.583,1.005,4.588
2014,11,Alemania,505,3.442,1.474,242,5.663,2.257,7.920
2014,11,Francia,114,544,136,434,1.228,632,1.860
2014,11,Gran Bretaña,1.973,13.924,6.706,546,23.149,22.805,45.954
2014,11,Irlanda,147,773,282,66,1.268,934,2.202
2014,11,Italia,193,1.552,931,103,2.779,1.373,4.152
2014,11,Suecia,236,1.358,1.336,73,3.003,9.829,12.832
2014,11,Noruega,354,1.185,1.374,37,2.950,6.896,9.846
2014,11,Dinamarca,96,525,821,34,1.476,4.144,5.620
2014,11,Finlandia,127,1.137,926,17,2.207,4.845,7.052
2014,11,Suiza,152,502,124,23,801,351,1.152
2014,11,Austria,105,443,112,25,685,324,1.009
2014,11,Rusia,187,980,153,26,1.346,887,2.233
2014,11,Países del Este,38,348,153,106,645,1.194,1.839
2014,11,Resto de Europa,67,289,307,11,674,514,1.188
2014,11,Estados Unidos,23,26,12,3,64,66,130
2014,11,Resto de América,9,35,39,12,95,91,186
2014,11,Resto del Mundo,46,135,239,24,444,133,577
2014,11,TOTAL,5394,35067,16272,2052,58785,62365,121150
2014,12,España,849,4.869,791,250,6.759,3.013,9.772
2014,12,Holanda,124,1.624,267,48,2.063,2.180,4.243
2014,12,Bélgica,206,2.918,344,34,3.502,1.109,4.611
2014,12,Alemania,484,2.321,1.025,299,4.129,1.706,5.835
2014,12,Francia,83,497,161,324,1.065,754,1.819
2014,12,Gran Bretaña,1.965,15.524,5.328,381,23.198,22.660,45.858
2014,12,Irlanda,107,572,308,35,1.022,899,1.921
2014,12,Italia,201,1.577,897,116,2.791,1.329,4.120
2014,12,Suecia,179,1.057,1.289,53,2.578,9.787,12.365
2014,12,Noruega,230,478,1.203,20,1.931,4.794,6.725
2014,12,Dinamarca,61,526,785,32,1.404,3.739,5.143
2014,12,Finlandia,124,881,1.026,24,2.055,5.553,7.608
2014,12,Suiza,108,438,136,39,721,293,1.014
2014,12,Austria,54,288,100,34,476,241,717
2014,12,Rusia,175,848,202,35,1.260,946,2.206
2014,12,Países del Este,53,415,263,91,822,1.133,1.955
2014,12,Resto de Europa,101,332,304,15,752,769,1.521
2014,12,Estados Unidos,26,48,31,5,110,70,180
2014,12,Resto de América,22,41,50,9,122,115,237
2014,12,Resto del Mundo,42,236,76,20,374,206,580
2014,12,TOTAL,5194,35490,14586,1864,57134,61296,118430
2014,13,España,12.048,56.829,20.584,3.279,92.740,61.417,154.157
2014,13,Holanda,1.418,21.600,4.023,315,27.356,27.516,54.872
2014,13,Bélgica,2.415,32.040,4.668,350,39.473,11.022,50.495
2014,13,Alemania,4.042,31.260,20.369,2.137,57.808,26.283,84.091
2014,13,Francia,1.149,8.766,2.954,6.915,19.784,13.542,33.326
2014,13,Gran Bretaña,25.906,188.389,95.950,3.505,313.750,350.982,664.732
2014,13,Irlanda,2.561,10.919,6.140,340,19.960,19.083,39.043
2014,13,Italia,2.147,17.349,12.526,917,32.939,13.742,46.681
2014,13,Suecia,1.444,8.251,8.729,305,18.729,59.175,77.904
2014,13,Noruega,2.092,6.841,9.280,223,18.436,41.866,60.302
2014,13,Dinamarca,746,4.149,5.599,225,10.719,28.029,38.748
2014,13,Finlandia,798,6.127,5.590,110,12.625,30.294,42.919
2014,13,Suiza,1.264,5.078,1.724,175,8.241,3.993,12.234
2014,13,Austria,609,4.394,1.204,158,6.365,2.759,9.124
2014,13,Rusia,5.849,15.374,5.588,261,27.072,13.949,41.021
2014,13,Países del Este,915,4.858,2.734,1.035,9.542,13.601,23.143
2014,13,Resto de Europa,1.621,5.564,5.202,118,12.505,8.889,21.394
2014,13,Estados Unidos,287,512,306,42,1.147,1.005,2.152
2014,13,Resto de América,197,518,463,168,1.346,1.194,2.540
2014,13,Resto del Mundo,1.116,12.011,2.924,214,16.265,3.073,19.338
2014,13,TOTAL,68.624,440.829,216.557,20.792,746.802,731.414,1.478.216
2015,1,España,684,2.860,688,158,4.390,1.672,6.062
2015,1,Holanda,102,1.593,344,20,2.059,1.772,3.831
2015,1,Bélgica,243,2.597,477,37,3.354,1.193,4.547
2015,1,Alemania,464,2.290,1.399,210,4.363,1.980,6.343
2015,1,Francia,70,742,203,502,1.517,797,2.314
2015,1,Reino Unido,1.884,13.226,4.711,376,20.197,21.735,41.932
2015,1,Irlanda,195,868,271,44,1.378,1042,2.420
2015,1,Italia,357,2.297,1057,92,3.803,1.763,5.566
2015,1,Suecia,265,1.080,1.411,68,2.824,8.277,11.101
2015,1,Noruega,234,832,1.118,33,2.217,4.912,7.129
2015,1,Dinamarca,97,504,741,63,1.405,3.948,5.353
2015,1,Finlandia,109,827,1087,18,2.041,4.832,6.873
2015,1,Suiza,169,297,73,36,575,299,874
2015,1,Austria,61,407,104,14,586,245,831
2015,1,Rusia,260,1019,250,31,1560,1099,2659
2015,1,Países del Este,34,395,453,65,947,1.117,2.064
2015,1,Resto de Europa,120,317,322,18,777,631,1.408
2015,1,USA,28,28,14,2,72,16,88
2015,1,Resto de América,11,34,16,9,70,114,184
2015,1,Resto del Mundo,46,218,67,10,341,173,514
2015,1,TOTAL,5433,32431,14806,1806,54476,57617,112093
2015,2,España,654,4.149,687,161,5.651,2.164,7.815
2015,2,Holanda,104,1.691,431,46,2.272,2.158,4.430
2015,2,Bélgica,190,1.678,333,65,2.266,1.045,3.311
2015,2,Alemania,411,1.939,1094,226,3.670,1.931,5.601
2015,2,Francia,113,598,300,466,1.477,1492,2.969
2015,2,Reino Unido,2.041,13.021,5.819,442,21.323,21.438,42.761
2015,2,Irlanda,171,879,327,58,1.435,926,2.361
2015,2,Italia,209,1.738,973,90,3.010,1.269,4.279
2015,2,Suecia,230,1.272,1.151,69,2.722,7.974,10.696
2015,2,Noruega,310,927,1.108,52,2.397,5.427,7.824
2015,2,Dinamarca,157,771,825,66,1.819,4.412,6.231
2015,2,Finlandia,121,853,877,35,1.886,5.467,7.353
2015,2,Suiza,158,317,67,12,554,292,846
2015,2,Austria,49,269,69,15,402,295,697
2015,2,Rusia,70,432,79,15,596,380,976
2015,2,Países del Este,26,304,384,68,782,1.150,1.932
2015,2,Resto de Europa,98,354,400,13,865,541,1.406
2015,2,USA,30,44,15,0,89,58,147
2015,2,Resto de América,14,25,30,8,77,60,137
2015,2,Resto del Mundo,43,263,67,9,382,96,478
2015,2,TOTAL,5199,31524,15036,1916,53675,58575,112250
2015,3,España,846,3.589,1.141,206,5.782,3.531,9.313
2015,3,Holanda,95,1.560,218,49,1.922,1.738,3.660
2015,3,Bélgica,160,2.369,276,47,2.852,1035,3.887
2015,3,Alemania,404,1.779,945,324,3.452,2.403,5.855
2015,3,Francia,84,597,230,435,1.346,745,2.091
2015,3,Reino Unido,2.026,17.771,7.712,470,27.979,27.091,55.070
2015,3,Irlanda,187,1.002,464,54,1.707,1.123,2.830
2015,3,Italia,177,1.510,1.094,78,2.859,1.276,4.135
2015,3,Suecia,203,1489,1371,35,3.098,9.303,12.401
2015,3,Noruega,297,1178,1380,21,2876,5.887,8.763
2015,3,Dinamarca,113,888,921,41,1963,4.473,6.436
2015,3,Finlandia,135,955,978,14,2082,5.146,7.228
2015,3,Suiza,122,239,70,17,448,257,705
2015,3,Austria,60,290,82,21,453,278,731
2015,3,Rusia,113,614,143,13,883,407,1.290
2015,3,Países del Este,23,279,346,85,733,1.265,1.998
2015,3,Resto de Europa,124,392,393,26,935,824,1.759
2015,3,USA,22,52,26,0,100,64,164
2015,3,Resto de América,16,27,67,26,136,66,202
2015,3,Resto del Mundo,116,375,70,14,575,168,743
2015,3,TOTAL,5323,36955,17927,1976,62181,67080,129261
2015,4,España,911,5.314,2.309,368,8.902,7.721,16.623
2015,4,Holanda,66,1.717,290,16,2.089,2.254,4.343
2015,4,Bélgica,203,3.203,417,16,3.839,986,4.825
2015,4,Alemania,390,2.320,1.120,188,4.018,1.962,5.980
2015,4,Francia,114,959,434,484,1.991,1.210,3.201
2015,4,Reino Unido,1.952,14.684,7.399,219,24.254,25.465,49.719
2015,4,Irlanda,169,1.164,525,45,1.903,1.657,3.560
2015,4,Italia,174,2.082,1.430,123,3.809,1.406,5.215
2015,4,Suecia,89,484,527,9,1109,3580,4689
2015,4,Noruega,114,321,287,4,726,1521,2247
2015,4,Dinamarca,52,314,388,16,770,2085,2.855
2015,4,Finlandia,28,355,375,2,760,1919,2679
2015,4,Suiza,132,451,204,16,803,660,1463
2015,4,Austria,48,284,85,15,432,211,643
2015,4,Rusia,166,680,145,2,993,695,1.688
2015,4,Países del Este,31,465,441,36,973,1.711,2.684
2015,4,Resto de Europa,51,461,355,7,874,942,1.816
2015,4,USA,24,79,17,6,126,81,207
2015,4,Resto de América,11,46,90,16,163,141,304
2015,4,Resto del Mundo,57,343,63,8,471,313,784
2015,4,TOTAL,4782,35726,16901,1596,59005,56520,115525
2015,5,España,1244,5233,2252,281,9010,6918,15928
2015,5,Holanda,61,2036,367,12,2476,2650,5126
2015,5,Bélgica,184,2946,254,21,3405,855,4260
2015,5,Alemania,287,2344,1317,132,4080,1848,5928
2015,5,Francia,76,901,229,535,1741,1420,3161
2015,5,Reino Unido,1902,17428,6770,217,26317,30804,57121
2015,5,Irlanda,205,1306,578,39,2128,2107,4235
2015,5,Italia,176,1625,1379,82,3262,1147,4409
2015,5,Suecia,3,23,125,3,154,94,248
2015,5,Noruega,14,25,66,11,116,101,217
2015,5,Dinamarca,11,55,340,4,410,674,1084
2015,5,Finlandia,5,68,151,0,224,185,409
2015,5,Suiza,111,341,128,6,586,270,856
2015,5,Austria,43,181,66,9,299,150,449
2015,5,Rusia,137,1251,151,7,1546,943,2489
2015,5,Países del Este,25,498,326,57,906,1260,2166
2015,5,Resto de Europa,74,418,308,14,814,1187,2001
2015,5,USA,12,40,22,3,77,73,150
2015,5,Resto de América,13,51,44,10,118,160,278
2015,5,Resto del Mundo,74,234,63,11,382,264,646
2015,5,TOTAL,4657,37004,14936,1454,58051,53110,111161
2015,6,España,1024,4662,2886,168,8740,10541,19281
2015,6,Holanda,32,1277,278,8,1595,1572,3167
2015,6,Bélgica,187,2786,272,11,3256,576,3832
2015,6,Alemania,266,2020,1362,39,3687,1431,5118
2015,6,Francia,41,487,191,364,1083,905,1988
2015,6,Reino Unido,2031,16359,9174,266,27830,31123,58953
2015,6,Irlanda,269,1085,802,11,2167,3393,5560
2015,6,Italia,95,1355,1240,34,2724,1436,4160
2015,6,Suecia,5,25,110,0,140,254,394
2015,6,Noruega,18,48,103,1,170,422,592
2015,6,Dinamarca,18,52,185,4,259,464,723
2015,6,Finlandia,4,42,5,0,51,63,114
2015,6,Suiza,76,300,130,1,507,165,672
2015,6,Austria,38,306,60,2,406,130,536
2015,6,Rusia,186,819,181,14,1200,784,1984
2015,6,Países del Este,31,487,450,63,1031,1210,2241
2015,6,Resto de Europa,117,552,421,7,1097,1179,2276
2015,6,USA,18,33,39,1,91,117,208
2015,6,Resto de América,18,49,54,9,130,156,286
2015,6,Resto del Mundo,84,239,106,15,444,244,688
2015,6,TOTAL,4558,32983,18049,1018,56608,56165,112773
2015,7,España,1294,7553,3925,181,12953,11828,24781
2015,7,Holanda,81,2431,232,9,2753,3657,6410
2015,7,Bélgica,191,3150,167,17,3525,1045,4570
2015,7,Alemania,233,2489,1110,43,3875,1739,5614
2015,7,Francia,55,671,266,22,1014,1813,2827
2015,7,Reino Unido,2099,17179,8466,18,27762,33299,61061
2015,7,Irlanda,211,1047,623,13,1894,2966,4860
2015,7,Italia,115,1605,1386,42,3148,1694,4842
2015,7,Suecia,11,218,88,0,317,337,654
2015,7,Noruega,47,284,38,2,371,738,1109
2015,7,Dinamarca,29,255,169,0,453,855,1308
2015,7,Finlandia,1,45,6,0,52,35,87
2015,7,Suiza,86,639,182,6,913,441,1354
2015,7,Austria,46,401,137,3,587,305,892
2015,7,Rusia,245,1205,170,7,1627,672,2299
2015,7,Países del Este,58,789,551,16,1414,1619,3033
2015,7,Resto de Europa,158,1195,599,2,1954,1275,3229
2015,7,USA,27,51,38,0,116,80,196
2015,7,Resto de América,28,61,90,16,195,197,392
2015,7,Resto del Mundo,83,486,84,9,662,215,877
2015,7,TOTAL,5098,41754,18327,406,65585,64810,130395
2015,8,España,1691,10006,4724,453,16874,15019,31893
2015,8,Holanda,139,2471,353,8,2971,3389,6360
2015,8,Bélgica,100,3415,190,8,3713,633,4346
2015,8,Alemania,255,2585,1284,62,4186,2065,6251
2015,8,Francia,76,971,491,24,1562,2118,3680
2015,8,Reino Unido,2187,17096,10205,51,29539,33974,63513
2015,8,Irlanda,167,910,844,8,1929,2321,4250
2015,8,Italia,186,2841,2936,150,6113,3234,9347
2015,8,Suecia,4,98,71,3,176,144,320
2015,8,Noruega,7,170,33,3,213,381,594
2015,8,Dinamarca,5,204,90,1,300,334,634
2015,8,Finlandia,0,22,6,1,29,6,35
2015,8,Suiza,48,380,102,10,540,151,691
2015,8,Austria,20,332,102,13,467,263,730
2015,8,Rusia,162,988,227,1,1378,490,1868
2015,8,Países del Este,80,659,301,24,1064,1017,2081
2015,8,Resto de Europa,131,1034,987,9,2161,1218,3379
2015,8,USA,43,48,28,2,121,56,177
2015,8,Resto de América,14,67,109,18,208,131,339
2015,8,Resto del Mundo,121,448,121,18,708,272,980
2015,8,TOTAL,5436,44745,23204,867,74252,67216,141468
2015,9,España,761,4487,2490,355,8093,7346,15439
2015,9,Holanda,69,1662,203,10,1944,2446,4390
2015,9,Bélgica,177,3041,194,21,3433,804,4237
2015,9,Alemania,355,2889,1720,117,5081,1532,6613
2015,9,Francia,59,398,272,35,764,1410,2174
2015,9,Reino Unido,2899,18682,10607,100,32288,33035,65323
2015,9,Irlanda,230,1230,720,8,2188,2142,4330
2015,9,Italia,70,1668,1887,103,3728,1684,5412
2015,9,Suecia,9,79,100,4,192,268,460
2015,9,Noruega,33,124,56,7,220,730,950
2015,9,Dinamarca,8,154,49,4,215,528,743
2015,9,Finlandia,0,79,11,1,91,188,279
2015,9,Suiza,90,385,220,8,703,567,1270
2015,9,Austria,25,287,78,7,397,186,583
2015,9,Rusia,139,830,281,4,1254,816,2070
2015,9,Países del Este,42,761,449,26,1278,1418,2696
2015,9,Resto de Europa,142,729,706,15,1592,1235,2827
2015,9,USA,25,31,20,0,76,75,151
2015,9,Resto de América,5,60,98,23,186,97,283
2015,9,Resto del Mundo,82,329,108,11,530,199,729
2015,9,TOTAL,5220,37905,20269,859,64253,56706,120959
2015,10,España,707,4184,1756,320,6967,5264,12231
2015,10,Holanda,79,1959,333,11,2382,2831,5213
2015,10,Bélgica,140,2734,188,35,3097,1082,4179
2015,10,Alemania,348,2595,1443,205,4591,2343,6934
2015,10,Francia,134,663,351,61,1209,1828,3037
2015,10,Reino Unido,2969,20856,9432,130,33387,32403,65790
2015,10,Irlanda,316,1302,678,36,2332,1668,4000
2015,10,Italia,146,1779,1377,93,3395,1582,4977
2015,10,Suecia,79,886,421,18,1404,4884,6288
2015,10,Noruega,143,758,440,18,1359,2745,4104
2015,10,Dinamarca,69,434,440,8,951,2328,3279
2015,10,Finlandia,45,713,336,7,1101,2988,4089
2015,10,Suiza,145,533,267,30,975,629,1604
2015,10,Austria,34,328,79,21,462,213,675
2015,10,Rusia,149,968,370,0,1487,845,2332
2015,10,Países del Este,42,705,543,32,1322,1764,3086
2015,10,Resto de Europa,102,672,554,10,1338,1164,2502
2015,10,USA,16,34,34,2,86,52,138
2015,10,Resto de América,17,65,176,22,280,101,381
2015,10,Resto del Mundo,90,440,59,13,602,224,826
2015,10,TOTAL,5770,42608,19277,1072,68727,66938,135665
2015,11,España,513,2771,844,165,4293,2967,7260
2015,11,Holanda,53,1680,308,9,2050,1998,4048
2015,11,Bélgica,167,2947,258,40,3412,1059,4471
2015,11,Alemania,417,3249,1188,213,5067,1767,6834
2015,11,Francia,107,467,146,68,788,725,1513
2015,11,Reino Unido,2370,16148,7541,165,26224,24273,50497
2015,11,Irlanda,233,961,403,28,1625,1009,2634
2015,11,Italia,191,1974,1213,140,3518,1270,4788
2015,11,Suecia,298,1921,799,91,3109,8298,11407
2015,11,Noruega,332,1443,610,33,2418,5214,7632
2015,11,Dinamarca,88,639,647,19,1393,3954,5347
2015,11,Finlandia,136,853,715,19,1723,4069,5792
2015,11,Suiza,150,434,122,20,726,322,1048
2015,11,Austria,54,371,85,7,517,290,807
2015,11,Rusia,90,659,172,4,925,471,1396
2015,11,Países del Este,46,379,331,33,789,1895,2684
2015,11,Resto de Europa,69,412,474,30,985,560,1545
2015,11,USA,16,45,17,8,86,51,137
2015,11,Resto de América,13,41,178,10,242,57,299
2015,11,Resto del Mundo,63,345,35,3,446,99,545
2015,11,TOTAL,5406,37739,16086,1105,60336,60348,120684
2015,12,España,790,3935,1128,212,6065,3727,9792
2015,12,Holanda,31,1683,283,40,2037,2322,4359
2015,12,Bélgica,225,3062,217,14,3518,935,4453
2015,12,Alemania,347,2560,939,272,4118,1626,5744
2015,12,Francia,82,531,265,51,929,962,1891
2015,12,Reino Unido,2389,16842,8327,189,27747,23309,51056
2015,12,Irlanda,154,840,537,42,1573,1037,2610
2015,12,Italia,222,1975,1062,87,3346,1537,4883
2015,12,Suecia,135,1721,719,67,2642,8219,10861
2015,12,Noruega,63,948,515,32,1558,4004,5562
2015,12,Dinamarca,46,699,557,11,1313,3628,4941
2015,12,Finlandia,62,859,687,14,1622,4876,6498
2015,12,Suiza,96,427,94,28,645,246,891
2015,12,Austria,41,270,106,35,452,204,656
2015,12,Rusia,111,653,228,1,993,476,1469
2015,12,Países del Este,37,547,323,54,961,1649,2610
2015,12,Resto de Europa,91,636,525,23,1275,1165,2440
2015,12,USA,25,69,50,13,157,95,252
2015,12,Resto de América,16,128,129,11,284,104,388
2015,12,Resto del Mundo,84,426,91,21,622,173,795
2015,12,TOTAL,5047,38811,16782,1217,61857,60294,122151
2015,13,España,11119,58743,24830,3028,97720,78698,176418
2015,13,Holanda,912,21760,3640,238,26550,28787,55337
2015,13,Bélgica,2167,33928,3243,332,39670,11248,50918
2015,13,Alemania,4177,29059,14921,2031,50188,22627,72815
2015,13,Francia,1011,7985,3378,3047,15421,15425,30846
2015,13,Reino Unido,26749,199292,96163,2643,324847,337949,662796
2015,13,Irlanda,2507,12594,6772,386,22259,21391,43650
2015,13,Italia,2118,22449,17034,1114,42715,19298,62013
2015,13,Suecia,1331,9296,6893,367,17887,51632,69519
2015,13,Noruega,1612,7058,5754,217,14641,32082,46723
2015,13,Dinamarca,693,4969,5352,237,11251,27683,38934
2015,13,Finlandia,646,5671,5234,111,11662,29774,41436
2015,13,Suiza,1383,4743,1659,190,7975,4299,12274
2015,13,Austria,519,3726,1053,162,5460,2770,8230
2015,13,Rusia,1828,10118,2397,99,14442,8078,22520
2015,13,Países del Este,475,6268,4898,559,12200,17075,29275
2015,13,Resto de Europa,1277,7172,6044,174,14667,11921,26588
2015,13,USA,286,554,320,37,1197,818,2015
2015,13,Resto de América,176,654,1081,178,2089,1384,3473
2015,13,Resto del Mundo,943,4146,934,142,6165,2440,8605
2015,13,TOTAL,61929,450185,211600,15292,739006,725379,1464385
2016,1,España,804,3037,748,103,4692,2038,6730
2016,1,Holanda,51,1780,292,21,2144,1865,4009
2016,1,Bélgica,154,3186,185,39,3564,826,4390
2016,1,Alemania,353,2840,1532,186,4911,2009,6920
2016,1,Francia,74,689,304,60,1127,949,2076
2016,1,Reino Unido,2335,14976,9222,279,26812,22462,49274
2016,1,Irlanda,340,1060,613,48,2061,1211,3272
2016,1,Italia,361,2400,1776,127,4664,1568,6232
2016,1,Suecia,182,1960,972,67,3181,8625,11806
2016,1,Noruega,155,1403,586,36,2180,4679,6859
2016,1,Dinamarca,89,964,854,19,1926,4584,6510
2016,1,Finlandia,129,992,860,12,1993,4815,6808
2016,1,Suiza,121,311,88,10,530,218,748
2016,1,Austria,45,398,108,20,571,293,864
2016,1,Rusia,191,810,363,2,1366,598,1964
2016,1,Países del Este,147,590,415,15,1167,1698,2865
2016,1,Resto de Europa,88,465,544,8,1105,791,1896
2016,1,USA,31,48,30,3,112,89,201
2016,1,Resto de América,10,61,150,8,229,95,324
2016,1,Resto del Mundo,39,374,96,23,532,219,751
2016,1,TOTAL,5699,38344,19738,1086,64867,59632,124499
2016,2,España,675,2750,776,136,4337,2798,7135
2016,2,Holanda,74,1842,513,42,2471,2438,4909
2016,2,Bélgica,195,2801,229,45,3270,902,4172
2016,2,Alemania,382,2587,1335,189,4493,1612,6105
2016,2,Francia,127,804,376,50,1357,1512,2869
2016,2,Reino Unido,2590,16130,8841,261,27822,21783,49605
2016,2,Irlanda,316,1073,691,42,2122,1034,3156
2016,2,Italia,305,2460,1563,102,4430,1190,5620
2016,2,Suecia,129,1643,660,44,2476,6679,9155
2016,2,Noruega,185,1131,542,37,1895,4905,6800
2016,2,Dinamarca,145,985,644,52,1826,4310,6136
2016,2,Finlandia,124,1071,905,8,2108,4752,6860
2016,2,Suiza,137,358,126,17,638,261,899
2016,2,Austria,44,328,73,23,468,221,689
2016,2,Rusia,90,439,217,0,746,296,1042
2016,2,Países del Este,178,532,450,20,1180,1751,2931
2016,2,Resto de Europa,66,645,386,15,1112,795,1907
2016,2,USA,37,61,28,3,129,76,205
2016,2,Resto de América,12,39,132,9,192,64,256
2016,2,Resto del Mundo,71,412,108,14,605,84,689
2016,2,TOTAL,5882,38091,18595,1109,63677,57463,121140
2016,3,España,1156,4366,1566,235,7323,5480,12803
2016,3,Holanda,58,1551,300,24,1933,1978,3911
2016,3,Bélgica,186,2822,318,31,3357,948,4305
2016,3,Alemania,272,2935,1619,307,5133,2325,7458
2016,3,Francia,76,585,190,55,906,896,1802
2016,3,Reino Unido,2415,18542,8136,255,29348,27658,57006
2016,3,Irlanda,246,1154,571,29,2000,1401,3401
2016,3,Italia,217,2037,1553,71,3878,1199,5077
2016,3,Suecia,136,1760,649,36,2581,7604,10185
2016,3,Noruega,116,1199,630,20,1965,4202,6167
2016,3,Dinamarca,87,1074,691,30,1882,4636,6518
2016,3,Finlandia,86,937,847,8,1878,4949,6827
2016,3,Suiza,160,415,148,22,745,260,1005
2016,3,Austria,41,320,84,16,461,192,653
2016,3,Rusia,102,600,181,16,899,371,1270
2016,3,Países del Este,181,871,520,28,1600,1717,3317
2016,3,Resto de Europa,85,614,373,25,1097,1002,2099
2016,3,USA,41,76,49,0,166,72,238
2016,3,Resto de América,25,43,175,9,252,67,319
2016,3,Resto del Mundo,40,383,117,11,551,158,709
2016,3,TOTAL,5726,42284,18717,1228,67955,67115,135070
2016,4,España,898,3737,1579,309,6523,6958,13481
2016,4,Holanda,65,2983,575,28,3651,3365,7016
2016,4,Bélgica,109,2416,210,34,2769,644,3413
2016,4,Alemania,311,3197,1247,194,4949,2078,7027
2016,4,Francia,112,1157,603,102,1974,1972,3946
2016,4,Reino Unido,2495,18661,12014,147,33317,29852,63169
2016,4,Irlanda,211,1219,879,64,2373,1818,4191
2016,4,Italia,177,1865,1548,116,3706,1478,5184
2016,4,Suecia,79,772,476,16,1343,3100,4443
2016,4,Noruega,55,414,89,19,577,1449,2026
2016,4,Dinamarca,35,506,481,13,1035,1970,3005
2016,4,Finlandia,41,339,404,2,786,1649,2435
2016,4,Suiza,143,392,272,24,831,478,1309
2016,4,Austria,63,302,63,25,453,158,611
2016,4,Rusia,97,772,335,12,1216,749,1965
2016,4,Países del Este,102,771,487,23,1383,2472,3855
2016,4,Resto de Europa,76,647,782,10,1515,1056,2571
2016,4,USA,31,57,25,1,114,78,192
2016,4,Resto de América,21,57,144,19,241,114,355
2016,4,Resto del Mundo,69,334,122,21,546,204,750
2016,4,TOTAL,5190,40598,22335,1179,69302,61642,130944
2016,5,España,824,4620,2758,305,8507,6848,15355
2016,5,Holanda,78,2197,425,31,2731,2132,4863
2016,5,Bélgica,129,2335,185,18,2667,888,3555
2016,5,Alemania,282,3027,896,112,4317,1887,6204
2016,5,Francia,54,644,274,43,1015,1356,2371
2016,5,Reino Unido,2432,20129,13259,97,35917,34350,70267
2016,5,Irlanda,266,1207,1030,77,2580,2068,4648
2016,5,Italia,139,2048,778,85,3050,1280,4330
2016,5,Suecia,48,45,21,7,121,164,285
2016,5,Noruega,33,76,30,8,147,97,244
2016,5,Dinamarca,16,114,45,0,175,510,685
2016,5,Finlandia,17,41,33,0,91,203,294
2016,5,Suiza,98,372,144,14,628,283,911
2016,5,Austria,25,148,58,10,241,78,319
2016,5,Rusia,113,931,516,2,1562,688,2250
2016,5,Países del Este,116,911,384,29,1440,2400,3840
2016,5,Resto de Europa,93,471,538,9,1111,1165,2276
2016,5,USA,25,62,30,2,119,51,170
2016,5,Resto de América,19,43,124,22,208,106,314
2016,5,Resto del Mundo,69,184,131,0,384,307,691
2016,5,TOTAL,4876,39605,21659,871,67011,56861,123872
2016,6,España,1092,4554,2508,401,8555,7894,16449
2016,6,Holanda,91,1990,336,23,2440,1802,4242
2016,6,Bélgica,162,2471,188,42,2863,673,3536
2016,6,Alemania,199,2887,1590,86,4762,1268,6030
2016,6,Francia,31,501,191,45,768,1074,1842
2016,6,Reino Unido,2460,20037,11797,105,34399,38034,72433
2016,6,Irlanda,215,1155,990,3,2363,2774,5137
2016,6,Italia,132,1329,1303,82,2846,1315,4161
2016,6,Suecia,54,66,60,2,182,332,514
2016,6,Noruega,21,88,77,9,195,408,603
2016,6,Dinamarca,34,46,59,0,139,321,460
2016,6,Finlandia,16,57,11,2,86,78,164
2016,6,Suiza,98,259,169,10,536,149,685
2016,6,Austria,40,284,58,4,386,93,479
2016,6,Rusia,169,893,644,4,1710,783,2493
2016,6,Países del Este,77,767,555,36,1435,2442,3877
2016,6,Resto de Europa,175,630,559,6,1370,1466,2836
2016,6,USA,114,117,25,4,260,67,327
2016,6,Resto de América,64,78,80,52,274,148,422
2016,6,Resto del Mundo,105,343,140,23,611,347,958
2016,6,TOTAL,5349,38552,21340,939,66180,61468,127648
2016,7,España,1470,6879,3413,592,12354,9222,21576
2016,7,Holanda,128,2726,579,24,3457,3330,6787
2016,7,Bélgica,125,3494,309,18,3946,959,4905
2016,7,Alemania,198,3032,1405,126,4761,1112,5873
2016,7,Francia,59,538,300,35,932,1853,2785
2016,7,Reino Unido,2695,22434,9828,108,35065,40881,75946
2016,7,Irlanda,250,1191,886,8,2335,3298,5633
2016,7,Italia,133,1532,1442,90,3197,1295,4492
2016,7,Suecia,52,106,55,9,222,303,525
2016,7,Noruega,30,157,59,7,253,615,868
2016,7,Dinamarca,33,128,117,4,282,753,1035
2016,7,Finlandia,21,32,3,1,57,37,94
2016,7,Suiza,119,553,256,18,946,291,1237
2016,7,Austria,52,411,100,12,575,182,757
2016,7,Rusia,239,1024,320,4,1587,551,2138
2016,7,Países del Este,125,692,480,33,1330,1577,2907
2016,7,Resto de Europa,224,720,669,14,1627,1393,3020
2016,7,USA,117,58,34,4,213,69,282
2016,7,Resto de América,73,67,56,35,231,136,367
2016,7,Resto del Mundo,201,412,140,21,774,316,1090
2016,7,TOTAL,6344,46186,20451,1163,74144,68173,142317
2016,8,España,1729,7836,3440,456,13461,8902,22363
2016,8,Holanda,124,3557,609,15,4305,3640,7945
2016,8,Bélgica,138,3186,218,8,3550,737,4287
2016,8,Alemania,208,2884,1471,94,4657,1324,5981
2016,8,Francia,126,680,424,45,1275,1979,3254
2016,8,Reino Unido,2437,20497,8988,90,32012,39310,71322
2016,8,Irlanda,242,1021,728,7,1998,2680,4678
2016,8,Italia,147,2554,2057,179,4937,2400,7337
2016,8,Suecia,35,83,49,6,173,185,358
2016,8,Noruega,13,118,16,6,153,393,546
2016,8,Dinamarca,28,155,68,0,251,278,529
2016,8,Finlandia,21,7,2,3,33,7,40
2016,8,Suiza,80,254,47,4,385,99,484
2016,8,Austria,30,292,67,16,405,103,508
2016,8,Rusia,150,997,354,8,1509,568,2077
2016,8,Países del Este,168,794,408,37,1407,1333,2740
2016,8,Resto de Europa,286,832,741,14,1873,1305,3178
2016,8,USA,47,33,28,1,109,66,175
2016,8,Resto de América,67,52,70,12,201,106,307
2016,8,Resto del Mundo,154,615,185,10,964,309,1273
2016,8,TOTAL,6230,46447,19970,1011,73658,65724,139382
2016,9,España,1562,4418,2172,274,8426,7377,15803
2016,9,Holanda,65,1980,451,20,2516,2274,4790
2016,9,Bélgica,140,2983,182,28,3333,732,4065
2016,9,Alemania,328,3032,1494,128,4982,1244,6226
2016,9,Francia,55,424,245,52,776,1386,2162
2016,9,Reino Unido,3180,20840,11626,147,35793,37018,72811
2016,9,Irlanda,367,1260,641,22,2290,2379,4669
2016,9,Italia,116,1503,1397,88,3104,1443,4547
2016,9,Suecia,35,65,94,11,205,260,465
2016,9,Noruega,27,71,61,12,171,288,459
2016,9,Dinamarca,38,116,67,3,224,222,446
2016,9,Finlandia,20,44,2,1,67,143,210
2016,9,Suiza,96,292,208,13,609,984,1593
2016,9,Austria,37,240,91,12,380,110,490
2016,9,Rusia,180,812,724,1,1717,555,2272
2016,9,Países del Este,138,645,501,39,1323,1659,2982
2016,9,Resto de Europa,222,595,723,6,1546,1010,2556
2016,9,USA,72,162,17,1,252,81,333
2016,9,Resto de América,29,42,45,21,137,118,255
2016,9,Resto del Mundo,161,509,146,8,824,202,1026
2016,9,TOTAL,6868,40033,20887,887,68675,59485,128160
2016,10,España,748,3440,1678,247,6113,4033,10146
2016,10,Holanda,63,2233,402,46,2744,2509,5253
2016,10,Bélgica,184,3182,280,29,3675,877,4552
2016,10,Alemania,388,3041,1633,277,5339,2242,7581
2016,10,Francia,104,742,315,53,1214,1476,2690
2016,10,Reino Unido,2954,20749,8564,161,32428,33973,66401
2016,10,Irlanda,322,1258,692,73,2345,1781,4126
2016,10,Italia,177,2000,1607,110,3894,1393,5287
2016,10,Suecia,86,897,418,28,1429,4379,5808
2016,10,Noruega,119,1045,522,23,1709,3210,4919
2016,10,Dinamarca,60,563,336,6,965,2265,3230
2016,10,Finlandia,137,538,244,13,932,3057,3989
2016,10,Suiza,155,560,378,35,1128,809,1937
2016,10,Austria,43,326,81,7,457,189,646
2016,10,Rusia,141,835,420,15,1411,608,2019
2016,10,Países del Este,128,831,635,37,1631,2306,3937
2016,10,Resto de Europa,271,682,486,4,1443,1181,2624
2016,10,USA,85,42,28,0,155,64,219
2016,10,Resto de América,25,64,30,18,137,78,215
2016,10,Resto del Mundo,110,719,172,14,1015,221,1236
2016,10,TOTAL,6300,43747,18921,1196,70164,66651,136815
2016,11,España,548,2332,917,159,3956,1963,5919
2016,11,Holanda,83,1695,369,31,2178,2042,4220
2016,11,Bélgica,159,2829,226,36,3250,840,4090
2016,11,Alemania,408,3454,1412,210,5484,1901,7385
2016,11,Francia,90,563,193,39,885,570,1455
2016,11,Reino Unido,2234,16740,7957,261,27192,23720,50912
2016,11,Irlanda,268,1101,530,73,1972,1045,3017
2016,11,Italia,311,1928,1216,83,3538,1149,4687
2016,11,Suecia,235,1530,959,102,2826,7187,10013
2016,11,Noruega,317,1317,597,56,2287,4559,6846
2016,11,Dinamarca,103,454,459,12,1028,3030,4058
2016,11,Finlandia,99,904,836,16,1855,4291,6146
2016,11,Suiza,161,402,212,23,798,234,1032
2016,11,Austria,97,363,98,21,579,240,819
2016,11,Rusia,90,629,188,17,924,471,1395
2016,11,Países del Este,90,584,456,32,1162,1979,3141
2016,11,Resto de Europa,128,632,412,13,1185,384,1569
2016,11,USA,72,65,23,7,167,60,227
2016,11,Resto de América,21,67,21,13,122,73,195
2016,11,Resto del Mundo,126,575,77,11,789,149,938
2016,11,TOTAL,5640,38164,17158,1215,62177,55887,118064
2016,12,España,932,3534,1159,165,5790,2534,8324
2016,12,Holanda,93,1825,325,45,2288,1893,4181
2016,12,Bélgica,159,2967,244,36,3406,1049,4455
2016,12,Alemania,341,2797,1335,245,4718,1333,6051
2016,12,Francia,108,621,326,22,1077,1037,2114
2016,12,Reino Unido,2523,17660,7926,198,28307,27270,55577
2016,12,Irlanda,181,968,527,42,1718,1340,3058
2016,12,Italia,286,1875,1312,110,3583,1374,4957
2016,12,Suecia,109,1655,807,66,2637,6612,9249
2016,12,Noruega,113,803,460,57,1433,3785,5218
2016,12,Dinamarca,61,675,432,32,1200,3340,4540
2016,12,Finlandia,146,857,785,36,1824,4891,6715
2016,12,Suiza,122,312,109,23,566,206,772
2016,12,Austria,59,352,143,26,580,133,713
2016,12,Rusia,139,780,218,10,1147,447,1594
2016,12,Países del Este,102,595,520,22,1239,1686,2925
2016,12,Resto de Europa,185,796,350,10,1341,988,2329
2016,12,USA,72,96,86,6,260,92,352
2016,12,Resto de América,29,68,42,11,150,95,245
2016,12,Resto del Mundo,104,583,149,13,849,334,1183
2016,12,TOTAL,5864,39819,17255,1175,64113,60439,124552
2016,13,España,12438,51503,22714,3382,90037,66047,156084
2016,13,Holanda,973,26359,5176,350,32858,29268,62126
2016,13,Bélgica,1840,34672,2774,364,39650,10075,49725
2016,13,Alemania,3670,35713,16969,2154,58506,20335,78841
2016,13,Francia,1016,7948,3741,601,13306,16060,29366
2016,13,Reino Unido,30750,227395,118158,2109,378412,376311,754723
2016,13,Irlanda,3224,13667,8778,488,26157,22829,48986
2016,13,Italia,2501,23531,17552,1243,44827,17084,61911
2016,13,Suecia,1180,10582,5220,394,17376,45430,62806
2016,13,Noruega,1184,7822,3669,290,12965,28590,41555
2016,13,Dinamarca,729,5780,4253,171,10933,26219,37152
2016,13,Finlandia,857,5819,4932,102,11710,28872,40582
2016,13,Suiza,1490,4480,2157,213,8340,4272,12612
2016,13,Austria,576,3764,1024,192,5556,1992,7548
2016,13,Rusia,1701,9522,4480,91,15794,6685,22479
2016,13,Países del Este,1552,8583,5811,351,16297,23020,39317
2016,13,Resto de Europa,1899,7729,6563,134,16325,12536,28861
2016,13,USA,744,877,403,32,2056,865,2921
2016,13,Resto de América,395,681,1069,229,2374,1200,3574
2016,13,Resto del Mundo,1249,5443,1583,169,8444,2850,11294
2016,13,TOTAL,69968,491870,237026,13059,811923,740540,1552463
2017,1,España,494,2425,777,148,3844,1799,5643
2017,1,Holanda,64,1786,370,22,2242,1939,4181
2017,1,Bélgica,147,3158,305,28,3638,837,4475
2017,1,Alemania,309,2781,1220,217,4527,1715,6242
2017,1,Francia,80,775,231,32,1118,1025,2143
2017,1,Reino Unido,2500,15370,6898,240,25008,23068,48076
2017,1,Irlanda,288,1121,629,56,2094,1361,3455
2017,1,Italia,408,2655,1344,76,4483,1465,5948
2017,1,Suecia,176,2028,982,58,3244,7611,10855
2017,1,Noruega,221,1443,562,30,2256,4413,6669
2017,1,Dinamarca,81,966,684,35,1766,3924,5690
2017,1,Finlandia,109,909,774,22,1814,4656,6470
2017,1,Suiza,112,332,117,10,571,206,777
2017,1,Austria,67,330,99,16,512,134,646
2017,1,Rusia,141,751,289,15,1196,561,1757
2017,1,Países del Este,112,623,487,30,1252,1575,2827
2017,1,Resto de Europa,249,473,323,20,1065,613,1678
2017,1,USA,58,79,33,3,173,41,214
2017,1,Resto de América,26,89,34,6,155,88,243
2017,1,Resto del Mundo,89,464,138,11,702,199,901
2017,1,TOTAL,5731,38558,16296,1075,61660,57230,118890
2017,2,España,495,2573,629,84,3781,1675,5456
2017,2,Holanda,61,2038,445,35,2579,2237,4816
2017,2,Bélgica,180,2620,293,32,3125,1016,4141
2017,2,Alemania,302,2427,1150,166,4045,1469,5514
2017,2,Francia,91,778,446,47,1362,1450,2812
2017,2,Reino Unido,2395,15712,6970,242,25319,22262,47581
2017,2,Irlanda,294,1018,493,81,1886,1163,3049
2017,2,Italia,301,2048,1172,119,3640,1000,4640
2017,2,Suecia,187,1790,658,50,2685,6222,8907
2017,2,Noruega,233,1309,529,62,2133,4417,6550
2017,2,Dinamarca,135,911,600,37,1683,4084,5767
2017,2,Finlandia,134,891,818,12,1855,4159,6014
2017,2,Suiza,127,334,94,28,583,196,779
2017,2,Austria,32,306,122,14,474,208,682
2017,2,Rusia,73,484,93,7,657,311,968
2017,2,Países del Este,68,576,447,33,1124,1693,2817
2017,2,Resto de Europa,253,708,413,8,1382,762,2144
2017,2,USA,56,61,16,1,134,47,181
2017,2,Resto de América,37,98,28,22,185,84,269
2017,2,Resto del Mundo,73,670,96,11,850,111,961
2017,2,TOTAL,5527,37352,15512,1091,59482,54566,114048
2017,3,España,567,2348,925,137,3977,2168,6145
2017,3,Holanda,42,1778,396,30,2246,2084,4330
2017,3,Bélgica,149,2387,368,50,2954,1076,4030
2017,3,Alemania,374,2878,1268,196,4716,1720,6436
2017,3,Francia,96,599,227,49,971,1161,2132
2017,3,Reino Unido,2668,18756,8887,238,30549,29077,59626
2017,3,Irlanda,222,1238,675,63,2198,1346,3544
2017,3,Italia,229,1915,1159,97,3400,1171,4571
2017,3,Suecia,144,1776,733,46,2699,6070,8769
2017,3,Noruega,196,1110,452,45,1803,4381,6184
2017,3,Dinamarca,96,797,535,43,1471,3571,5042
2017,3,Finlandia,110,793,926,19,1848,3994,5842
2017,3,Suiza,116,288,100,30,534,202,736
2017,3,Austria,21,237,79,30,367,178,545
2017,3,Rusia,79,580,155,4,818,378,1196
2017,3,Países del Este,80,662,566,27,1335,2098,3433
2017,3,Resto de Europa,266,696,548,6,1516,938,2454
2017,3,USA,43,110,37,4,194,121,315
2017,3,Resto de América,29,98,17,11,155,85,240
2017,3,Resto del Mundo,148,814,85,6,1053,215,1268
2017,3,TOTAL,5675,39860,18138,1131,64804,62034,126838
2017,4,España,1302,5471,2564,424,9761,7876,17637
2017,4,Holanda,67,2797,499,39,3402,3258,6660
2017,4,Bélgica,108,3062,316,31,3517,803,4320
2017,4,Alemania,287,2864,1282,321,4754,1817,6571
2017,4,Francia,96,1132,413,94,1735,1960,3695
2017,4,Reino Unido,2520,20039,9123,170,31852,32307,64159
2017,4,Irlanda,255,1295,616,47,2213,1989,4202
2017,4,Italia,204,2093,1436,92,3825,1235,5060
2017,4,Suecia,94,1048,520,23,1685,3783,5468
2017,4,Noruega,87,620,252,22,981,2013,2994
2017,4,Dinamarca,56,608,473,24,1161,2226,3387
2017,4,Finlandia,41,536,332,14,923,1832,2755
2017,4,Suiza,187,419,290,56,952,361,1313
2017,4,Austria,41,304,78,16,439,216,655
2017,4,Rusia,135,784,223,10,1152,476,1628
2017,4,Países del Este,143,1007,574,26,1750,1977,3727
2017,4,Resto de Europa,190,736,607,11,1544,1433,2977
2017,4,USA,49,122,59,4,234,88,322
2017,4,Resto de América,14,87,23,21,145,131,276
2017,4,Resto del Mundo,106,918,139,22,1185,304,1489
2017,4,TOTAL,5982,45942,19819,1467,73210,66085,139295
2017,5,España,891,4129,1910,383,7313,7415,14728
2017,5,Holanda,58,2537,468,26,3089,2728,5817
2017,5,Bélgica,162,2455,272,46,2935,918,3853
2017,5,Alemania,236,2532,1354,132,4254,1498,5752
2017,5,Francia,68,635,339,86,1128,1595,2723
2017,5,Reino Unido,2221,21539,8862,191,32813,37383,70196
2017,5,Irlanda,269,1424,758,46,2497,2326,4823
2017,5,Italia,175,1895,1405,83,3558,1373,4931
2017,5,Suecia,27,137,43,11,218,268,486
2017,5,Noruega,50,68,26,22,166,197,363
2017,5,Dinamarca,32,203,60,11,306,679,985
2017,5,Finlandia,100,74,90,0,264,339,603
2017,5,Suiza,123,334,147,18,622,233,855
2017,5,Austria,39,199,46,8,292,178,470
2017,5,Rusia,149,993,358,2,1502,526,2028
2017,5,Países del Este,128,1127,604,52,1911,1713,3624
2017,5,Resto de Europa,76,626,546,19,1267,1542,2809
2017,5,USA,37,98,44,6,185,117,302
2017,5,Resto de América,24,74,36,24,158,157,315
2017,5,Resto del Mundo,167,510,182,20,879,209,1088
2017,5,TOTAL,5032,41589,17550,1186,65357,61394,126751
2017,6,España,884,4695,2829,405,8813,8848,17661
2017,6,Holanda,89,1996,324,23,2432,2381,4813
2017,6,Bélgica,193,2548,386,32,3159,843,4002
2017,6,Alemania,241,3219,1652,165,5277,1111,6388
2017,6,Francia,69,447,208,53,777,1235,2012
2017,6,Reino Unido,2622,22470,10074,201,35367,40203,75570
2017,6,Irlanda,297,1528,886,24,2735,3376,6111
2017,6,Italia,175,1512,1207,83,2977,1097,4074
2017,6,Suecia,29,132,86,4,251,307,558
2017,6,Noruega,29,84,52,22,187,321,508
2017,6,Dinamarca,36,112,65,17,230,359,589
2017,6,Finlandia,19,24,7,1,51,133,184
2017,6,Suiza,91,348,162,23,624,99,723
2017,6,Austria,33,215,63,8,319,64,383
2017,6,Rusia,195,821,319,16,1351,729,2080
2017,6,Países del Este,166,1103,622,34,1925,1730,3655
2017,6,Resto de Europa,112,863,663,16,1654,1516,3170
2017,6,USA,35,82,50,3,170,122,292
2017,6,Resto de América,24,95,45,23,187,104,291
2017,6,Resto del Mundo,139,446,166,7,758,187,945
2017,6,TOTAL,5478,42740,19866,1160,69244,64765,134009
2017,7,España,1177,5977,2893,383,10430,8482,18912
2017,7,Holanda,109,3034,466,6,3615,3302,6917
2017,7,Bélgica,95,3350,320,11,3776,1049,4825
2017,7,Alemania,142,2743,1271,88,4244,1346,5590
2017,7,Francia,65,478,246,58,847,1818,2665
2017,7,Reino Unido,2522,21889,9526,159,34096,38060,72156
2017,7,Irlanda,308,1230,1007,7,2552,3737,6289
2017,7,Italia,119,1313,1541,114,3087,1327,4414
2017,7,Suecia,74,129,114,12,329,385,714
2017,7,Noruega,51,216,98,11,376,696,1072
2017,7,Dinamarca,37,188,139,14,378,453,831
2017,7,Finlandia,35,7,0,2,44,60,104
2017,7,Suiza,94,369,324,18,805,285,1090
2017,7,Austria,37,270,134,38,479,155,634
2017,7,Rusia,206,764,272,1,1243,588,1831
2017,7,Países del Este,251,1104,572,43,1970,2276,4246
2017,7,Resto de Europa,171,1356,569,11,2107,1751,3858
2017,7,USA,52,67,21,4,144,85,229
2017,7,Resto de América,24,66,65,29,184,130,314
2017,7,Resto del Mundo,180,978,199,18,1375,236,1611
2017,7,TOTAL,5749,45528,19777,1027,72081,66221,138302
2017,8,España,1709,7044,3482,378,12613,10113,22726
2017,8,Holanda,62,3587,573,16,4238,3907,8145
2017,8,Bélgica,72,2923,153,26,3174,477,3651
2017,8,Alemania,128,2531,1303,101,4063,1460,5523
2017,8,Francia,93,748,328,80,1249,1670,2919
2017,8,Reino Unido,2153,19631,9331,109,31224,39042,70266
2017,8,Irlanda,266,1286,938,6,2496,3300,5796
2017,8,Italia,162,2195,1663,116,4136,1956,6092
2017,8,Suecia,21,92,128,14,255,361,616
2017,8,Noruega,47,123,62,12,244,347,591
2017,8,Dinamarca,23,140,125,6,294,338,632
2017,8,Finlandia,98,3,8,2,111,48,159
2017,8,Suiza,39,259,112,14,424,104,528
2017,8,Austria,45,205,67,10,327,78,405
2017,8,Rusia,203,781,313,6,1303,529,1832
2017,8,Países del Este,263,1103,399,29,1794,2149,3943
2017,8,Resto de Europa,152,829,698,3,1682,1298,2980
2017,8,USA,43,57,11,4,115,85,200
2017,8,Resto de América,44,91,51,35,221,126,347
2017,8,Resto del Mundo,268,769,177,12,1226,217,1443
2017,8,TOTAL,5891,44397,19922,979,71189,67605,138794
2017,9,España,1038,4191,1976,337,7542,6449,13991
2017,9,Holanda,100,2103,388,31,2622,2651,5273
2017,9,Bélgica,174,2857,261,47,3339,827,4166
2017,9,Alemania,278,2679,1206,191,4354,1570,5924
2017,9,Francia,44,368,214,68,694,1556,2250
2017,9,Reino Unido,3127,21110,9182,146,33565,38662,72227
2017,9,Irlanda,345,1498,915,23,2781,2671,5452
2017,9,Italia,85,1475,1170,126,2856,1426,4282
2017,9,Suecia,50,59,113,18,240,388,628
2017,9,Noruega,16,127,53,17,213,316,529
2017,9,Dinamarca,18,63,98,10,189,294,483
2017,9,Finlandia,32,36,28,2,98,174,272
2017,9,Suiza,81,395,227,24,727,343,1070
2017,9,Austria,50,241,81,6,378,170,548
2017,9,Rusia,144,807,246,8,1205,600,1805
2017,9,Países del Este,217,1069,446,49,1781,2249,4030
2017,9,Resto de Europa,142,602,577,17,1338,1247,2585
2017,9,USA,28,76,9,10,123,57,180
2017,9,Resto de América,31,37,27,38,133,123,256
2017,9,Resto del Mundo,172,636,114,14,936,170,1106
2017,9,TOTAL,6172,40429,17331,1182,65114,61943,127057
2017,10,España,627,3872,1774,361,6634,4961,11595
2017,10,Holanda,42,2437,557,28,3064,3304,6368
2017,10,Bélgica,282,2904,333,24,3543,666,4209
2017,10,Alemania,579,2878,1423,239,5119,2322,7441
2017,10,Francia,113,621,315,44,1093,1876,2969
2017,10,Reino Unido,1863,19237,9053,163,30316,30116,60432
2017,10,Irlanda,164,1349,802,48,2363,2298,4661
2017,10,Italia,121,2102,1496,76,3795,1178,4973
2017,10,Suecia,119,990,524,10,1643,4769,6412
2017,10,Noruega,198,737,366,24,1325,2989,4314
2017,10,Dinamarca,113,515,381,3,1012,1927,2939
2017,10,Finlandia,206,662,211,14,1093,2457,3550
2017,10,Suiza,288,567,301,28,1184,506,1690
2017,10,Austria,93,289,72,17,471,173,644
2017,10,Rusia,88,851,336,8,1283,635,1918
2017,10,Países del Este,220,1035,506,22,1783,2613,4396
2017,10,Resto de Europa,102,845,483,6,1436,1147,2583
2017,10,USA,99,72,25,2,198,59,257
2017,10,Resto de América,65,88,33,15,201,97,298
2017,10,Resto del Mundo,217,887,173,16,1293,243,1536
2017,10,TOTAL,5599,42938,19164,1148,68849,64336,133185
2017,11,España,537,2774,990,200,4501,3027,7528
2017,11,Holanda,70,1143,431,23,1667,2232,3899
2017,11,Bélgica,121,2594,217,34,2966,1022,3988
2017,11,Alemania,351,3379,1636,268,5634,2226,7860
2017,11,Francia,91,432,213,45,781,797,1578
2017,11,Reino Unido,1969,16568,7081,238,25856,25111,50967
2017,11,Irlanda,239,1161,548,79,2027,1478,3505
2017,11,Italia,142,1967,959,58,3126,1269,4395
2017,11,Suecia,277,1677,864,85,2903,6275,9178
2017,11,Noruega,195,1321,416,48,1980,4045,6025
2017,11,Dinamarca,78,588,357,29,1052,2342,3394
2017,11,Finlandia,206,1215,768,35,2224,4464,6688
2017,11,Suiza,144,382,109,35,670,602,1272
2017,11,Austria,51,280,90,12,433,287,720
2017,11,Rusia,162,634,192,15,1003,424,1427
2017,11,Países del Este,199,734,547,53,1533,1929,3462
2017,11,Resto de Europa,115,592,441,14,1162,663,1825
2017,11,USA,68,85,42,11,206,98,304
2017,11,Resto de América,26,73,36,2,137,46,183
2017,11,Resto del Mundo,110,452,112,15,689,141,830
2017,11,TOTAL,5151,38051,16049,1299,60550,58478,119028
2017,12,España,875,3812,1335,186,6208,3347,9555
2017,12,Holanda,64,1554,331,35,1984,2832,4816
2017,12,Bélgica,170,3080,192,38,3480,1343,4823
2017,12,Alemania,407,2606,986,173,4172,1834,6006
2017,12,Francia,110,572,187,48,917,1170,2087
2017,12,Reino Unido,2089,14955,7577,234,24855,26594,51449
2017,12,Irlanda,220,1005,552,41,1818,1719,3537
2017,12,Italia,252,1750,1076,68,3146,1713,4859
2017,12,Suecia,171,1848,768,63,2850,7941,10791
2017,12,Noruega,123,800,307,42,1272,3758,5030
2017,12,Dinamarca,99,735,443,33,1310,2972,4282
2017,12,Finlandia,202,1102,799,32,2135,4854,6989
2017,12,Suiza,120,359,79,19,577,243,820
2017,12,Austria,49,281,120,11,461,217,678
2017,12,Rusia,137,580,151,6,874,480,1354
2017,12,Países del Este,187,923,496,44,1650,2018,3668
2017,12,Resto de Europa,78,741,399,6,1224,1104,2328
2017,12,USA,50,101,74,21,246,88,334
2017,12,Resto de América,56,59,30,10,155,126,281
2017,12,Resto del Mundo,181,608,160,16,965,372,1337
2017,12,TOTAL,5640,37471,16062,1126,60299,64725,125024
2017,13,España,10596,49311,22084,3426,85417,66160,151577
2017,13,Holanda,828,26790,5248,314,33180,32855,66035
2017,13,Bélgica,1853,33938,3416,399,39606,10877,50483
2017,13,Alemania,3634,33517,15751,2257,55159,20088,75247
2017,13,Francia,1016,7585,3367,704,12672,17313,29985
2017,13,Reino Unido,28649,227276,102564,2331,360820,381885,742705
2017,13,Irlanda,3167,15153,8819,521,27660,26764,54424
2017,13,Italia,2373,22920,15628,1108,42029,16210,58239
2017,13,Suecia,1369,11706,5533,394,19002,44380,63382
2017,13,Noruega,1446,7958,3175,357,12936,27893,40829
2017,13,Dinamarca,804,5826,3960,262,10852,23169,34021
2017,13,Finlandia,1292,6252,4761,155,12460,27170,39630
2017,13,Suiza,1522,4386,2062,303,8273,3380,11653
2017,13,Austria,558,3157,1051,186,4952,2058,7010
2017,13,Rusia,1712,8830,2947,98,13587,6237,19824
2017,13,Países del Este,2034,11066,6266,442,19808,24020,43828
2017,13,Resto de Europa,1906,9067,6267,137,17377,14014,31391
2017,13,USA,618,1010,421,73,2122,1008,3130
2017,13,Resto de América,400,955,425,236,2016,1297,3313
2017,13,Resto del Mundo,1850,8152,1741,168,11911,2604,14515
2017,13,TOTAL,67627,494855,215486,13871,791839,749382,1541221
2018,1,España,513,2401,933,117,3964,2130,6094
2018,1,Holanda,44,1607,416,22,2089,2718,4807
2018,1,Bélgica,238,3366,278,28,3910,1107,5017
2018,1,Alemania,399,2603,1394,141,4537,2128,6665
2018,1,Francia,94,745,262,24,1125,1431,2556
2018,1,Reino Unido,1684,15534,6736,185,24139,22315,46454
2018,1,Irlanda,306,1316,639,45,2306,1932,4238
2018,1,Italia,321,2274,1225,63,3883,1864,5747
2018,1,Suecia,183,1606,684,70,2543,6984,9527
2018,1,Noruega,147,1032,432,41,1652,3778,5430
2018,1,Dinamarca,119,1064,610,30,1823,2833,4656
2018,1,Finlandia,109,1155,809,27,2100,4581,6681
2018,1,Suiza,129,313,117,4,563,302,865
2018,1,Austria,47,298,78,17,440,208,648
2018,1,Rusia,170,664,185,1,1020,604,1624
2018,1,Países del Este,193,805,494,14,1506,2041,3547
2018,1,Resto de Europa,152,515,430,3,1100,963,2063
2018,1,USA,44,81,41,6,172,76,248
2018,1,Resto de América,31,70,42,16,159,86,245
2018,1,Resto del Mundo,149,668,100,23,940,169,1109
2018,1,TOTAL,5072,38117,15905,877,59971,58250,118221
2018,2,España,396,2631,978,88,4093,2254,6347
2018,2,Holanda,98,1583,441,52,2174,2721,4895
2018,2,Bélgica,145,2879,320,21,3365,1053,4418
2018,2,Alemania,378,2566,1267,179,4390,2158,6548
2018,2,Francia,75,716,386,35,1212,1847,3059
2018,2,Reino Unido,2000,16341,6679,307,25327,22880,48207
2018,2,Irlanda,214,1316,625,69,2224,1350,3574
2018,2,Italia,228,2153,899,58,3338,1561,4899
2018,2,Suecia,161,1210,682,59,2112,6250,8362
2018,2,Noruega,217,688,601,58,1564,4441,6005
2018,2,Dinamarca,119,882,406,42,1449,3681,5130
2018,2,Finlandia,154,977,818,13,1962,4871,6833
2018,2,Suiza,112,328,118,22,580,319,899
2018,2,Austria,36,196,111,18,361,296,657
2018,2,Rusia,111,377,76,10,574,368,942
2018,2,Países del Este,175,788,438,21,1422,2089,3511
2018,2,Resto de Europa,166,889,389,10,1454,1271,2725
2018,2,USA,69,77,46,6,198,58,256
2018,2,Resto de América,34,85,30,17,166,115,281
2018,2,Resto del Mundo,233,921,156,35,1345,156,1501
2018,2,TOTAL,5121,37603,15466,1120,59310,59739,119049
2018,3,España,983,4254,2014,213,7464,5621,13085
2018,3,Holanda,53,1354,311,60,1778,2759,4537
2018,3,Bélgica,139,2428,284,59,2910,1456,4366
2018,3,Alemania,330,2795,1635,285,5045,2650,7695
2018,3,Francia,108,717,387,63,1275,1680,2955
2018,3,Reino Unido,2252,18765,8277,262,29556,27382,56938
2018,3,Irlanda,336,1538,717,71,2662,1756,4418
2018,3,Italia,236,1732,1035,73,3076,1214,4290
2018,3,Suecia,236,1561,643,79,2519,6100,8619
2018,3,Noruega,212,931,442,41,1626,4113,5739
2018,3,Dinamarca,114,919,559,31,1623,3357,4980
2018,3,Finlandia,127,1136,909,26,2198,4506,6704
2018,3,Suiza,133,331,113,24,601,428,1029
2018,3,Austria,48,234,77,13,372,223,595
2018,3,Rusia,98,505,55,2,660,466,1126
2018,3,Países del Este,168,1001,511,21,1701,1925,3626
2018,3,Resto de Europa,298,1007,388,6,1699,1271,2970
2018,3,USA,54,187,89,2,332,182,514
2018,3,Resto de América,38,58,52,22,170,143,313
2018,3,Resto del Mundo,165,875,151,26,1217,287,1504
2018,3,TOTAL,6128,42328,18649,1379,68484,67519,136003
2018,4,España,531,2749,1784,205,5269,4925,10194
2018,4,Holanda,39,2497,371,0,2907,3855,6762
2018,4,Bélgica,153,2959,349,22,3483,1274,4757
2018,4,Alemania,323,2932,1116,218,4589,2376,6965
2018,4,Francia,96,937,506,79,1618,2127,3745
2018,4,Reino Unido,2202,18362,8139,122,28825,30390,59215
2018,4,Irlanda,303,1491,673,28,2495,2128,4623
2018,4,Italia,240,2269,1115,134,3758,1340,5098
2018,4,Suecia,97,843,448,39,1427,3317,4744
2018,4,Noruega,127,412,161,21,721,1526,2247
2018,4,Dinamarca,48,487,278,19,832,1723,2555
2018,4,Finlandia,55,489,300,6,850,2034,2884
2018,4,Suiza,125,414,206,56,801,496,1297
2018,4,Austria,25,167,46,19,257,123,380
2018,4,Rusia,105,694,194,7,1000,643,1643
2018,4,Países del Este,148,1202,378,50,1778,2483,4261
2018,4,Resto de Europa,140,707,486,7,1340,1167,2507
2018,4,USA,38,65,62,13,178,167,345
2018,4,Resto de América,35,78,54,18,185,156,341
2018,4,Resto del Mundo,93,953,89,28,1163,302,1465
2018,4,TOTAL,4923,40707,16755,1091,63476,62552,126028
2018,5,España,615,3356,2647,296,6914,4571,11485
2018,5,Holanda,59,2337,373,0,2769,3213,5982
2018,5,Bélgica,70,2255,222,38,2585,871,3456
2018,5,Alemania,268,2812,788,175,4043,1625,5668
2018,5,Francia,82,623,340,46,1091,1436,2527
2018,5,Reino Unido,2236,20725,10091,108,33160,35422,68582
2018,5,Irlanda,364,1789,1191,23,3367,2472,5839
2018,5,Italia,176,1620,847,102,2745,1424,4169
2018,5,Suecia,60,66,74,61,261,485,746
2018,5,Noruega,47,73,33,20,173,405,578
2018,5,Dinamarca,25,156,98,4,283,659,942
2018,5,Finlandia,124,75,94,2,295,478,773
2018,5,Suiza,91,301,157,31,580,199,779
2018,5,Austria,30,179,53,17,279,102,381
2018,5,Rusia,120,701,270,7,1098,538,1636
2018,5,Países del Este,122,1095,425,49,1691,2606,4297
2018,5,Resto de Europa,196,839,544,3,1582,1185,2767
2018,5,USA,29,79,40,2,150,180,330
2018,5,Resto de América,26,74,70,22,192,143,335
2018,5,Resto del Mundo,123,559,169,34,885,322,1207
2018,5,TOTAL,4863,39714,18526,1040,64143,58336,122479
2018,6,España,660,4463,2882,410,8415,7540,15955
2018,6,Holanda,73,1996,323,0,2392,2250,4642
2018,6,Bélgica,99,2551,346,19,3015,870,3885
2018,6,Alemania,201,2840,1706,130,4877,1240,6117
2018,6,Francia,47,450,227,38,762,1321,2083
2018,6,Reino Unido,2385,22057,9336,98,33876,39324,73200
2018,6,Irlanda,413,1714,996,18,3141,3587,6728
2018,6,Italia,132,1236,1096,82,2546,1443,3989
2018,6,Suecia,53,53,76,14,196,322,518
2018,6,Noruega,70,120,67,3,260,384,644
2018,6,Dinamarca,7,86,53,0,146,281,427
2018,6,Finlandia,96,25,29,3,153,87,240
2018,6,Suiza,70,328,107,11,516,172,688
2018,6,Austria,55,185,76,8,324,94,418
2018,6,Rusia,142,852,185,6,1185,689,1874
2018,6,Países del Este,225,1135,640,37,2037,2493,4530
2018,6,Resto de Europa,244,1426,572,16,2258,1727,3985
2018,6,USA,39,160,74,2,275,135,410
2018,6,Resto de América,30,91,38,24,183,222,405
2018,6,Resto del Mundo,97,620,146,30,893,389,1282
2018,6,TOTAL,5138,42388,18975,949,67450,64570,132020
2018,7,España,962,8050,3433,541,12986,9788,22774
2018,7,Holanda,146,2990,458,0,3594,3891,7485
2018,7,Bélgica,130,2425,375,10,2940,1254,4194
2018,7,Alemania,258,2719,1579,131,4687,2056,6743
2018,7,Francia,108,589,393,42,1132,1423,2555
2018,7,Reino Unido,2099,20053,8893,65,31110,41193,72303
2018,7,Irlanda,336,1647,1012,23,3018,3859,6877
2018,7,Italia,138,1707,1245,100,3190,1640,4830
2018,7,Suecia,40,176,76,19,311,377,688
2018,7,Noruega,55,225,109,9,398,922,1320
2018,7,Dinamarca,66,123,142,2,333,831,1164
2018,7,Finlandia,39,14,18,2,73,50,123
2018,7,Suiza,88,426,174,17,705,368,1073
2018,7,Austria,26,276,131,20,453,208,661
2018,7,Rusia,171,953,166,7,1297,564,1861
2018,7,Países del Este,322,1339,513,27,2201,2488,4689
2018,7,Resto de Europa,321,1611,755,10,2697,2186,4883
2018,7,USA,57,47,17,2,123,76,199
2018,7,Resto de América,25,110,27,28,190,193,383
2018,7,Resto del Mundo,154,615,134,29,932,289,1221
2018,7,TOTAL,5541,46095,19650,1084,72370,73656,146026
2018,8,España,1376,9724,4310,549,15959,14156,30115
2018,8,Holanda,108,3498,476,0,4082,4175,8257
2018,8,Bélgica,66,2521,339,29,2955,1123,4078
2018,8,Alemania,282,2340,1398,101,4121,1717,5838
2018,8,Francia,133,783,352,35,1303,1638,2941
2018,8,Reino Unido,1864,18219,8277,101,28461,41367,69828
2018,8,Irlanda,291,1644,1101,10,3046,3360,6406
2018,8,Italia,149,2151,1450,152,3902,2695,6597
2018,8,Suecia,24,95,56,21,196,218,414
2018,8,Noruega,44,99,21,19,183,240,423
2018,8,Dinamarca,27,203,58,9,297,264,561
2018,8,Finlandia,14,3,5,4,26,26,52
2018,8,Suiza,51,270,117,17,455,153,608
2018,8,Austria,38,174,77,6,295,125,420
2018,8,Rusia,138,964,125,12,1239,546,1785
2018,8,Países del Este,233,1064,418,27,1742,2465,4207
2018,8,Resto de Europa,221,1449,898,16,2584,1656,4240
2018,8,USA,30,70,24,3,127,98,225
2018,8,Resto de América,57,136,51,29,273,155,428
2018,8,Resto del Mundo,158,919,216,20,1313,362,1675
2018,8,TOTAL,5304,46326,19769,1160,72559,76539,149098
2018,9,España,705,4419,2423,381,7928,6689,14617
2018,9,Holanda,127,2251,428,0,2806,2757,5563
2018,9,Bélgica,124,3004,333,21,3482,937,4419
2018,9,Alemania,373,2808,1383,139,4703,1879,6582
2018,9,Francia,88,539,315,61,1003,1065,2068
2018,9,Reino Unido,1725,19857,8422,134,30138,37689,67827
2018,9,Irlanda,124,1956,902,43,3025,3228,6253
2018,9,Italia,73,1557,1001,121,2752,1696,4448
2018,9,Suecia,31,46,105,28,210,443,653
2018,9,Noruega,113,89,70,4,276,578,854
2018,9,Dinamarca,59,86,77,7,229,249,478
2018,9,Finlandia,110,39,25,6,180,207,387
2018,9,Suiza,113,364,211,20,708,367,1075
2018,9,Austria,31,244,62,17,354,162,516
2018,9,Rusia,155,908,155,14,1232,499,1731
2018,9,Países del Este,99,1118,529,54,1800,2030,3830
2018,9,Resto de Europa,130,1155,511,20,1816,1365,3181
2018,9,USA,116,67,34,3,220,90,310
2018,9,Resto de América,37,89,37,36,199,138,337
2018,9,Resto del Mundo,192,844,190,37,1263,381,1644
2018,9,TOTAL,4525,41440,17213,1146,64324,62449,126773
2018,10,España,565,4371,1880,398,7214,5087,12301
2018,10,Holanda,99,2615,491,0,3205,3179,6384
2018,10,Bélgica,169,3079,415,20,3683,838,4521
2018,10,Alemania,446,2948,1673,199,5266,2336,7602
2018,10,Francia,79,648,401,42,1170,1909,3079
2018,10,Reino Unido,1764,20028,9045,90,30927,34855,65782
2018,10,Irlanda,133,1721,799,59,2712,2767,5479
2018,10,Italia,124,2037,1254,83,3498,1671,5169
2018,10,Suecia,178,720,401,16,1315,4514,5829
2018,10,Noruega,189,750,315,21,1275,3057,4332
2018,10,Dinamarca,99,443,191,4,737,1962,2699
2018,10,Finlandia,189,716,109,10,1024,2826,3850
2018,10,Suiza,167,587,352,32,1138,706,1844
2018,10,Austria,65,247,78,17,407,197,604
2018,10,Rusia,93,1051,217,4,1365,650,2015
2018,10,Países del Este,68,1117,550,45,1780,2143,3923
2018,10,Resto de Europa,104,1114,621,17,1856,1203,3059
2018,10,USA,62,56,51,2,171,112,283
2018,10,Resto de América,73,92,32,35,232,148,380
2018,10,Resto del Mundo,161,1045,153,23,1382,258,1640
2018,10,TOTAL,4827,45385,19028,1117,70357,70418,140775
2018,11,España,404,2932,1157,178,4671,2568,7239
2018,11,Holanda,51,1721,364,7,2143,2370,4513
2018,11,Bélgica,141,2329,255,49,2774,1156,3930
2018,11,Alemania,615,2623,1365,216,4819,2319,7138
2018,11,Francia,82,390,176,63,711,944,1655
2018,11,Reino Unido,1714,17377,7949,164,27204,26743,53947
2018,11,Irlanda,124,1422,590,82,2218,1456,3674
2018,11,Italia,82,1546,988,82,2698,1767,4465
2018,11,Suecia,181,1409,791,73,2454,6228,8682
2018,11,Noruega,158,1307,487,68,2020,4644,6664
2018,11,Dinamarca,127,623,331,37,1118,2996,4114
2018,11,Finlandia,446,1135,801,19,2401,4179,6580
2018,11,Suiza,274,364,116,30,784,381,1165
2018,11,Austria,107,411,87,14,619,311,930
2018,11,Rusia,82,803,126,9,1020,596,1616
2018,11,Países del Este,158,785,542,62,1547,2014,3561
2018,11,Resto de Europa,62,770,392,20,1244,874,2118
2018,11,USA,90,119,62,2,273,73,346
2018,11,Resto de América,42,89,34,24,189,90,279
2018,11,Resto del Mundo,90,607,130,28,855,250,1105
2018,11,TOTAL,5030,38762,16743,1227,61762,61959,123721
2018,12,España,800,3558,1295,191,5844,3209,9053
2018,12,Holanda,80,2098,310,0,2488,2478,4966
2018,12,Bélgica,169,2902,239,20,3330,1238,4568
2018,12,Alemania,332,2309,1107,211,3959,1638,5597
2018,12,Francia,102,427,261,31,821,1075,1896
2018,12,Reino Unido,2064,17168,7453,169,26854,25877,52731
2018,12,Irlanda,250,1140,434,37,1861,1772,3633
2018,12,Italia,257,1948,1119,117,3441,2049,5490
2018,12,Suecia,156,1500,617,52,2325,7361,9686
2018,12,Noruega,101,671,348,20,1140,4115,5255
2018,12,Dinamarca,66,573,381,19,1039,3963,5002
2018,12,Finlandia,285,1183,759,19,2246,4844,7090
2018,12,Suiza,118,327,102,10,557,241,798
2018,12,Austria,41,252,122,22,437,237,674
2018,12,Rusia,160,862,143,2,1167,569,1736
2018,12,Países del Este,175,890,429,33,1527,1923,3450
2018,12,Resto de Europa,221,833,443,3,1500,1618,3118
2018,12,USA,58,82,56,8,204,134,338
2018,12,Resto de América,31,65,29,13,138,111,249
2018,12,Resto del Mundo,155,646,150,20,971,565,1536
2018,12,TOTAL,5621,39434,15797,997,61849,65017,126866
2018,13,España,8510,52908,25736,3567,90721,68538,159259
2018,13,Holanda,977,26547,4762,141,32427,36366,68793
2018,13,Bélgica,1643,32698,3755,336,38432,13177,51609
2018,13,Alemania,4205,32295,16411,2125,55036,24122,79158
2018,13,Francia,1094,7564,4006,559,13223,17896,31119
2018,13,Reino Unido,23989,224486,99297,1805,349577,385437,735014
2018,13,Irlanda,3194,18694,9679,508,32075,29667,61742
2018,13,Italia,2156,22230,13274,1167,38827,20364,59191
2018,13,Suecia,1400,9285,4653,531,15869,42599,58468
2018,13,Noruega,1480,6397,3086,325,11288,28203,39491
2018,13,Dinamarca,876,5645,3184,204,9909,22799,32708
2018,13,Finlandia,1748,6947,4676,137,13508,28689,42197
2018,13,Suiza,1471,4353,1890,274,7988,4132,12120
2018,13,Austria,549,2863,998,188,4598,2286,6884
2018,13,Rusia,1545,9334,1897,81,12857,6732,19589
2018,13,Países del Este,2086,12339,5867,440,20732,26700,47432
2018,13,Resto de Europa,2255,12315,6429,131,21130,16486,37616
2018,13,USA,686,1090,596,51,2423,1381,3804
2018,13,Resto de América,459,1037,496,284,2276,1700,3976
2018,13,Resto del Mundo,1770,9272,1784,333,13159,3730,16889
2018,13,TOTAL,62093,498299,212476,13187,786055,781004,1567059
2019,1,España,525,2760,869,146,4300,2233,6533
2019,1,Holanda,85,2044,369,0,2498,2630,5128
2019,1,Bélgica,173,3052,223,28,3476,1190,4666
2019,1,Alemania,279,2309,1113,183,3884,1819,5703
2019,1,Francia,75,922,296,33,1326,1261,2587
2019,1,Reino Unido,2074,17038,6766,208,26086,24919,51005
2019,1,Irlanda,321,1669,650,56,2696,1960,4656
2019,1,Italia,334,2791,1096,82,4303,1957,6260
2019,1,Suecia,156,1416,531,61,2164,6326,8490
2019,1,Noruega,148,1089,425,48,1710,4347,6057
2019,1,Dinamarca,109,783,483,46,1421,3732,5153
2019,1,Finlandia,249,1036,800,8,2093,4446,6539
2019,1,Suiza,85,269,103,19,476,374,850
2019,1,Austria,29,378,97,17,521,235,756
2019,1,Rusia,147,888,172,0,1207,730,1937
2019,1,Países del Este,228,995,547,27,1797,1981,3778
2019,1,Resto de Europa,241,662,416,3,1322,1216,2538
2019,1,USA,52,76,49,3,180,109,289
2019,1,Resto de América,23,78,39,18,158,84,242
2019,1,Resto del Mundo,115,706,139,48,1008,313,1321
2019,1,TOTAL,5448,40961,15183,1034,62626,61862,124488
2019,2,España,498,3254,1308,192,5252,1915,7167
2019,2,Holanda,71,1720,507,0,2298,3062,5360
2019,2,Bélgica,117,2248,300,45,2710,824,3534
2019,2,Alemania,298,1928,1344,201,3771,1694,5465
2019,2,Francia,108,823,540,37,1508,1756,3264
2019,2,Reino Unido,1931,17080,6719,213,25943,23594,49537
2019,2,Irlanda,324,1697,509,63,2593,1663,4256
2019,2,Italia,249,2520,991,85,3845,1539,5384
2019,2,Suecia,168,1108,386,45,1707,5497,7204
2019,2,Noruega,203,979,450,51,1683,4909,6592
2019,2,Dinamarca,126,879,510,33,1548,3713,5261
2019,2,Finlandia,229,1183,827,29,2268,4391,6659
2019,2,Suiza,87,254,107,17,465,253,718
2019,2,Austria,27,340,87,20,474,297,771
2019,2,Rusia,119,575,195,4,893,349,1242
2019,2,Países del Este,167,918,448,20,1553,1647,3200
2019,2,Resto de Europa,192,848,559,0,1599,1172,2771
2019,2,USA,38,119,55,4,216,121,337
2019,2,Resto de América,16,75,41,9,141,129,270
2019,2,Resto del Mundo,103,749,186,39,1077,235,1312
2019,2,TOTAL,5071,39297,16069,1107,61544,58760,120304
2019,3,España,520,3587,1405,214,5726,3018,8744
2019,3,Holanda,52,2115,404,0,2571,2805,5376
2019,3,Bélgica,187,2402,346,38,2973,1445,4418
2019,3,Alemania,406,2350,1397,248,4401,2061,6462
2019,3,Francia,87,754,345,65,1251,1467,2718
2019,3,Reino Unido,2339,20568,8729,170,31806,27640,59446
2019,3,Irlanda,410,1865,742,24,3041,2299,5340
2019,3,Italia,202,2166,987,139,3494,1631,5125
2019,3,Suecia,195,1510,542,47,2294,6306,8600
2019,3,Noruega,234,1308,466,77,2085,5364,7449
2019,3,Dinamarca,84,997,613,33,1727,4271,5998
2019,3,Finlandia,298,1141,832,16,2287,4854,7141
2019,3,Suiza,152,286,71,17,526,337,863
2019,3,Austria,27,229,61,12,329,180,509
2019,3,Rusia,110,757,140,4,1011,447,1458
2019,3,Países del Este,154,794,413,10,1371,1743,3114
2019,3,Resto de Europa,212,927,427,9,1575,1263,2838
2019,3,USA,50,163,53,6,272,163,435
2019,3,Resto de América,35,99,25,18,177,118,295
2019,3,Resto del Mundo,94,866,190,27,1177,310,1487
2019,3,TOTAL,5848,44884,18188,1174,70094,67722,137816
2019,4,España,909,6608,1872,285,9674,9008,18682
2019,4,Holanda,76,2285,324,0,2685,3401,6086
2019,4,Bélgica,96,3238,358,11,3703,1252,4955
2019,4,Alemania,258,2341,1340,182,4121,1801,5922
2019,4,Francia,69,912,423,50,1454,1756,3210
2019,4,Reino Unido,1801,17370,8001,96,27268,30241,57509
2019,4,Irlanda,354,1844,833,36,3067,2383,5450
2019,4,Italia,271,2262,970,36,3539,1277,4816
2019,4,Suecia,41,750,194,32,1017,2587,3604
2019,4,Noruega,136,524,153,7,820,1572,2392
2019,4,Dinamarca,63,459,322,6,850,2025,2875
2019,4,Finlandia,154,500,640,1,1295,2109,3404
2019,4,Suiza,128,343,161,10,642,358,1000
2019,4,Austria,22,235,51,13,321,151,472
2019,4,Rusia,163,974,132,2,1271,659,1930
2019,4,Países del Este,170,936,296,22,1424,1712,3136
2019,4,Resto de Europa,231,783,524,3,1541,1524,3065
2019,4,USA,57,77,33,3,170,247,417
2019,4,Resto de América,38,78,49,24,189,170,359
2019,4,Resto del Mundo,99,750,100,34,983,527,1510
2019,4,TOTAL,5136,43269,16776,853,66034,64760,130794
2019,5,España,703,4123,1513,15,6354,5335,11689
2019,5,Holanda,70,2300,329,10,2709,3257,5966
2019,5,Bélgica,111,2274,175,0,2560,630,3190
2019,5,Alemania,225,1690,919,20,2854,975,3829
2019,5,Francia,97,692,290,0,1079,1427,2506
2019,5,Reino Unido,1919,21749,9900,0,33568,43560,77128
2019,5,Irlanda,366,1965,895,15,3241,3206,6447
2019,5,Italia,130,1171,527,36,1864,1136,3000
2019,5,Suecia,29,58,38,0,125,431,556
2019,5,Noruega,77,43,10,0,130,193,323
2019,5,Dinamarca,36,129,81,0,246,597,843
2019,5,Finlandia,61,31,78,0,170,203,373
2019,5,Suiza,70,227,89,0,386,147,533
2019,5,Austria,24,156,23,0,203,96,299
2019,5,Rusia,90,851,179,0,1120,553,1673
2019,5,Países del Este,116,843,321,0,1280,1436,2716
2019,5,Resto de Europa,176,816,436,0,1428,1421,2849
2019,5,USA,25,101,8,0,134,61,195
2019,5,Resto de América,53,78,38,0,169,155,324
2019,5,Resto del Mundo,45,458,143,26,672,366,1038
2019,5,TOTAL,4423,39755,15992,122,60292,65185,125477
2019,6,España,771,6325,3386,25,10507,9431,19938
2019,6,Holanda,70,1787,267,5,2129,2712,4841
2019,6,Bélgica,100,2787,322,0,3209,619,3828
2019,6,Alemania,226,2085,1467,0,3778,996,4774
2019,6,Francia,59,514,388,0,961,1685,2646
2019,6,Reino Unido,2301,23139,9162,20,34622,42067,76689
2019,6,Irlanda,523,1884,1078,0,3485,4048,7533
2019,6,Italia,154,1251,973,20,2398,1179,3577
2019,6,Suecia,41,64,69,0,174,360,534
2019,6,Noruega,82,77,42,0,201,405,606
2019,6,Dinamarca,47,81,23,0,151,344,495
2019,6,Finlandia,141,11,24,0,176,61,237
2019,6,Suiza,54,289,158,0,501,229,730
2019,6,Austria,35,176,55,0,266,108,374
2019,6,Rusia,99,1021,217,0,1337,643,1980
2019,6,Países del Este,270,911,530,0,1711,1475,3186
2019,6,Resto de Europa,177,1513,643,0,2333,1815,4148
2019,6,USA,42,87,41,0,170,95,265
2019,6,Resto de América,35,80,70,26,211,146,357
2019,6,Resto del Mundo,76,496,218,15,805,382,1187
2019,6,TOTAL,5303,44578,19133,111,69125,68800,137925
2019,7,España,1061,7864,3352,148,12425,10343,22768
2019,7,Holanda,61,2443,316,0,2820,4200,7020
2019,7,Bélgica,168,2801,320,2,3291,1070,4361
2019,7,Alemania,192,1473,1280,30,2975,1470,4445
2019,7,Francia,40,508,309,16,873,2144,3017
2019,7,Reino Unido,2242,22717,9003,9,33971,40770,74741
2019,7,Irlanda,509,2012,1172,19,3712,4097,7809
2019,7,Italia,126,1012,1159,47,2344,1372,3716
2019,7,Suecia,54,126,82,3,265,472,737
2019,7,Noruega,46,205,61,0,312,597,909
2019,7,Dinamarca,42,174,105,2,323,541,864
2019,7,Finlandia,142,1,6,0,149,42,191
2019,7,Suiza,58,277,130,6,471,268,739
2019,7,Austria,42,177,67,6,292,218,510
2019,7,Rusia,156,1092,211,0,1459,748,2207
2019,7,Países del Este,384,880,267,10,1541,1613,3154
2019,7,Resto de Europa,296,1588,876,11,2771,2289,5060
2019,7,USA,58,152,39,2,251,220,471
2019,7,Resto de América,55,139,51,8,253,206,459
2019,7,Resto del Mundo,168,699,176,25,1068,574,1642
2019,7,TOTAL,5900,46340,18982,344,71566,73254,144820
2019,8,España,1270,11208,4842,22,17342,13317,30659
2019,8,Holanda,94,2739,329,7,3169,3825,6994
2019,8,Bélgica,169,2772,284,0,3225,687,3912
2019,8,Alemania,195,1408,1091,0,2694,1043,3737
2019,8,Francia,100,818,353,0,1271,1943,3214
2019,8,Reino Unido,2050,20964,8098,11,31123,40066,71189
2019,8,Irlanda,462,2124,1157,11,3754,3536,7290
2019,8,Italia,174,2124,1617,15,3930,2065,5995
2019,8,Suecia,52,68,69,0,189,176,365
2019,8,Noruega,58,144,39,0,241,264,505
2019,8,Dinamarca,31,113,72,0,216,225,441
2019,8,Finlandia,144,30,7,0,181,44,225
2019,8,Suiza,39,194,144,0,377,145,522
2019,8,Austria,36,163,67,0,266,119,385
2019,8,Rusia,197,997,158,0,1352,539,1891
2019,8,Países del Este,281,816,373,7,1477,1292,2769
2019,8,Resto de Europa,255,1430,700,0,2385,1677,4062
2019,8,USA,58,67,18,0,143,100,243
2019,8,Resto de América,71,129,36,0,236,209,445
2019,8,Resto del Mundo,131,539,114,18,802,494,1296
2019,8,TOTAL,5867,48847,19568,91,74373,71766,146139
2019,9,España,695,5166,2736,332,8929,6628,15557
2019,9,Holanda,70,1732,446,0,2248,2977,5225
2019,9,Bélgica,108,2586,422,25,3141,654,3795
2019,9,Alemania,195,1708,1110,136,3149,902,4051
2019,9,Francia,71,619,394,63,1147,1034,2181
2019,9,Reino Unido,2870,21460,10383,104,34817,36419,71236
2019,9,Irlanda,499,2164,1208,24,3895,2709,6604
2019,9,Italia,153,1208,1430,48,2839,1133,3972
2019,9,Suecia,90,91,90,0,271,296,567
2019,9,Noruega,56,139,96,7,298,584,882
2019,9,Dinamarca,25,79,143,1,248,355,603
2019,9,Finlandia,18,38,41,6,103,138,241
2019,9,Suiza,58,279,158,22,517,311,828
2019,9,Austria,28,138,67,13,246,119,365
2019,9,Rusia,157,1003,385,6,1551,464,2015
2019,9,Países del Este,207,907,359,25,1498,1456,2954
2019,9,Resto de Europa,176,1100,905,27,2208,1228,3436
2019,9,USA,65,93,41,6,205,70,275
2019,9,Resto de América,25,168,39,24,256,124,380
2019,9,Resto del Mundo,109,820,134,30,1093,302,1395
2019,9,TOTAL,5675,41498,20587,899,68659,57903,126562
2019,10,España,616,4666,2183,192,7657,5585,13242
2019,10,Holanda,80,1914,513,0,2507,3025,5532
2019,10,Bélgica,132,2566,341,13,3052,756,3808
2019,10,Alemania,261,1756,1248,89,3354,1310,4664
2019,10,Francia,133,796,438,26,1393,1430,2823
2019,10,Reino Unido,2476,21416,8061,94,32047,31988,64035
2019,10,Irlanda,447,1882,983,67,3379,2580,5959
2019,10,Italia,204,1422,1372,42,3040,1188,4228
2019,10,Suecia,168,845,436,16,1465,3688,5153
2019,10,Noruega,172,685,310,13,1180,2217,3397
2019,10,Dinamarca,100,489,279,2,870,1533,2403
2019,10,Finlandia,121,871,172,6,1170,2540,3710
2019,10,Suiza,148,417,194,7,766,577,1343
2019,10,Austria,33,172,61,6,272,170,442
2019,10,Rusia,201,1266,281,1,1749,625,2374
2019,10,Países del Este,228,905,517,16,1666,1468,3134
2019,10,Resto de Europa,221,1668,630,6,2525,1739,4264
2019,10,USA,34,75,32,1,142,144,286
2019,10,Resto de América,44,88,50,13,195,125,320
2019,10,Resto del Mundo,77,673,314,16,1080,382,1462
2019,10,TOTAL,5896,44572,18415,626,69509,63070,132579
2019,11,España,499,3567,1384,185,5635,3266,8901
2019,11,Holanda,55,1695,305,0,2055,2291,4346
2019,11,Bélgica,104,2574,232,26,2936,1150,4086
2019,11,Alemania,357,2521,1164,164,4206,1605,5811
2019,11,Francia,90,741,249,39,1119,1351,2470
2019,11,Reino Unido,2012,18577,6934,151,27674,24213,51887
2019,11,Irlanda,381,1942,647,57,3027,1866,4893
2019,11,Italia,212,2114,1190,84,3600,1195,4795
2019,11,Suecia,264,1583,867,43,2757,5248,8005
2019,11,Noruega,328,1350,508,28,2214,4047,6261
2019,11,Dinamarca,129,680,407,20,1236,2505,3741
2019,11,Finlandia,164,1436,941,17,2558,4748,7306
2019,11,Suiza,131,407,148,24,710,303,1013
2019,11,Austria,59,286,73,9,427,268,695
2019,11,Rusia,109,692,187,6,994,445,1439
2019,11,Países del Este,175,921,404,32,1532,1247,2779
2019,11,Resto de Europa,312,1179,462,11,1964,1265,3229
2019,11,USA,41,104,76,1,222,112,334
2019,11,Resto de América,29,89,46,21,185,75,260
2019,11,Resto del Mundo,54,430,183,23,690,309,999
2019,11,TOTAL,5505,42888,16407,941,65741,57509,123250
2019,12,España,708,3801,1689,173,6371,3567,9938
2019,12,Holanda,56,1706,328,0,2090,2584,4674
2019,12,Bélgica,157,2952,246,22,3377,1141,4518
2019,12,Alemania,288,1851,988,185,3312,1269,4581
2019,12,Francia,123,555,361,57,1096,1141,2237
2019,12,Reino Unido,2243,18668,6796,157,27864,25695,53559
2019,12,Irlanda,279,1447,598,47,2371,1952,4323
2019,12,Italia,247,2253,1257,91,3848,2034,5882
2019,12,Suecia,153,1668,687,23,2531,7096,9627
2019,12,Noruega,167,989,354,16,1526,3861,5387
2019,12,Dinamarca,59,638,361,9,1067,3325,4392
2019,12,Finlandia,186,1350,796,20,2352,4831,7183
2019,12,Suiza,119,341,100,20,580,247,827
2019,12,Austria,32,257,85,6,380,173,553
2019,12,Rusia,147,643,158,2,950,563,1513
2019,12,Países del Este,204,1009,352,22,1587,1509,3096
2019,12,Resto de Europa,177,1263,559,3,2002,2226,4228
2019,12,USA,43,142,62,1,248,151,399
2019,12,Resto de América,38,85,53,6,182,134,316
2019,12,Resto del Mundo,144,550,342,32,1068,602,1670
2019,12,TOTAL,5570,42168,16172,892,64802,64101,128903
2019,13,España,8775,62929,26539,1929,100172,73646,173818
2019,13,Holanda,840,24480,4437,22,29779,36769,66548
2019,13,Bélgica,1622,32252,3569,210,37653,11418,49071
2019,13,Alemania,3180,23420,14461,1438,42499,16945,59444
2019,13,Francia,1052,8654,4386,386,14478,18395,32873
2019,13,Reino Unido,26258,240746,98552,1233,366789,391172,757961
2019,13,Irlanda,4875,22495,10472,419,38261,32299,70560
2019,13,Italia,2456,22294,13569,725,39044,17706,56750
2019,13,Suecia,1411,9287,3991,270,14959,38483,53442
2019,13,Noruega,1707,7532,2914,247,12400,28360,40760
2019,13,Dinamarca,851,5501,3399,152,9903,23166,33069
2019,13,Finlandia,1907,7628,5164,103,14802,28407,43209
2019,13,Suiza,1129,3583,1563,142,6417,3549,9966
2019,13,Austria,394,2707,794,102,3997,2134,6131
2019,13,Rusia,1695,10759,2415,25,14894,6765,21659
2019,13,Países del Este,2584,10835,4827,191,18437,18579,37016
2019,13,Resto de Europa,2666,13777,7137,73,23653,18835,42488
2019,13,USA,563,1256,507,27,2353,1593,3946
2019,13,Resto de América,462,1186,537,167,2352,1675,4027
2019,13,Resto del Mundo,1215,7736,2239,333,11523,4796,16319
2019,13,TOTAL,65642,519057,211472,8194,804365,774692,1579057
2020,1,España,590,2467,1044,135,4236,2716,6952
2020,1,Holanda,73,2020,334,0,2427,2779,5206
2020,1,Bélgica,108,3185,212,28,3533,957,4490
2020,1,Alemania,256,1967,1051,122,3396,1802,5198
2020,1,Francia,108,1014,341,46,1509,1346,2855
2020,1,Reino Unido,1973,15575,6311,178,24037,23234,47271
2020,1,Irlanda,370,1674,752,90,2886,1951,4837
2020,1,Italia,332,2333,1126,78,3869,1658,5527
2020,1,Suecia,197,1446,643,37,2323,5747,8070
2020,1,Noruega,165,967,368,23,1523,3617,5140
2020,1,Dinamarca,132,824,534,24,1514,2979,4493
2020,1,Finlandia,172,1125,879,17,2193,3893,6086
2020,1,Suiza,90,297,81,9,477,276,753
2020,1,Austria,55,345,77,6,483,258,741
2020,1,Rusia,191,879,210,1,1281,763,2044
2020,1,Países del Este,175,890,432,23,1520,1732,3252
2020,1,Resto de Europa,282,1208,387,3,1880,2308,4188
2020,1,USA,39,98,28,1,166,132,298
2020,1,Resto de América,34,91,33,8,166,91,257
2020,1,Resto del Mundo,71,569,205,28,873,415,1288
2020,1,TOTAL,5413,38974,15048,857,60292,58654,118946
2020,2,España,509,3315,1253,170,5247,3166,8413
2020,2,Holanda,94,1716,379,0,2189,3009,5198
2020,2,Bélgica,98,2174,212,17,2501,1010,3511
2020,2,Alemania,298,1920,1135,145,3498,1694,5192
2020,2,Francia,133,1066,487,40,1726,1685,3411
2020,2,Reino Unido,2258,17675,6716,124,26773,23091,49864
2020,2,Irlanda,300,1683,613,43,2639,1962,4601
2020,2,Italia,207,1647,983,59,2896,1159,4055
2020,2,Suecia,202,1641,654,14,2511,5582,8093
2020,2,Noruega,331,1142,642,23,2138,4321,6459
2020,2,Dinamarca,149,970,588,29,1736,3536,5272
2020,2,Finlandia,182,1340,923,21,2466,4878,7344
2020,2,Suiza,82,358,116,27,583,322,905
2020,2,Austria,38,247,71,12,368,277,645
2020,2,Rusia,121,533,103,6,763,458,1221
2020,2,Países del Este,134,720,418,18,1290,1723,3013
2020,2,Resto de Europa,173,1178,578,6,1935,2158,4093
2020,2,USA,44,51,47,1,143,138,281
2020,2,Resto de América,29,41,60,12,142,135,277
2020,2,Resto del Mundo,70,716,166,21,973,357,1330
2020,2,TOTAL,5452,40133,16144,788,62517,60661,123178
2020,3,España,58,737,660,48,1503,928,2431
2020,3,Holanda,33,684,163,0,880,1471,2351
2020,3,Bélgica,117,887,71,16,1091,393,1484
2020,3,Alemania,175,1047,523,99,1844,675,2519
2020,3,Francia,33,203,156,23,415,548,963
2020,3,Reino Unido,1135,6854,4397,56,12442,9833,22275
2020,3,Irlanda,58,480,318,11,867,684,1551
2020,3,Italia,83,330,201,11,625,339,964
2020,3,Suecia,17,535,160,11,723,2316,3039
2020,3,Noruega,0,405,171,8,584,1832,2416
2020,3,Dinamarca,50,323,207,16,596,1391,1987
2020,3,Finlandia,58,475,400,4,937,1912,2849
2020,3,Suiza,117,148,31,12,308,59,367
2020,3,Austria,0,66,41,4,111,73,184
2020,3,Rusia,0,213,29,1,243,150,393
2020,3,Países del Este,17,189,79,3,288,507,795
2020,3,Resto de Europa,75,426,143,4,648,607,1255
2020,3,USA,17,16,16,2,51,2,53
2020,3,Resto de América,0,31,26,4,61,55,116
2020,3,Resto del Mundo,0,236,184,15,435,68,503
2020,3,TOTAL,2043,14285,7976,348,24652,23843,48495
