año,mes,nacion,4 y 5 estrellas,3 estrellas,1 y 2 estrellas,hoteleros,extrahoteleros,total
2009,1,España,11379,2932,771,15082,5371,20453
2009,1,Holanda,118,47,9,174,124,298
2009,1,Bélgica,114,17,9,140,92,232
2009,1,Alemania,11347,1772,173,13292,3461,16753
2009,1,Francia,420,99,32,551,84,635
2009,1,Gran Bretaña,3720,422,58,4200,1399,5599
2009,1,Irlanda,88,19,20,127,73,200
2009,1,Italia,135,72,34,241,224,465
2009,1,Suecia,439,280,11,730,1353,2083
2009,1,Noruega,149,150,10,309,917,1226
2009,1,Dinamarca,83,54,12,149,1047,1196
2009,1,Finlandia,431,578,9,1018,4987,6005
2009,1,Suiza,118,47,6,171,95,266
2009,1,Austria,314,117,6,437,240,677
2009,1,Rusia,47,8,4,59,67,126
2009,1,Países del Este,142,56,4,202,46,248
2009,1,Resto de Europa,143,73,15,231,290,521
2009,1,Estados Unidos,23,9,2,34,30,64
2009,1,Resto de América,63,59,9,131,234,365
2009,1,Resto del Mundo,163,30,9,202,96,298
2009,1,TOTAL,29436,6841,1203,37480,20230,57710
2009,2,España,14566,4043,831,19440,5804,25244
2009,2,Holanda,150,99,10,259,166,425
2009,2,Bélgica,55,22,4,81,27,108
2009,2,Alemania,9423,1704,263,11390,3339,14729
2009,2,Francia,680,139,48,867,163,1030
2009,2,Gran Bretaña,3697,578,65,4340,1330,5670
2009,2,Irlanda,82,16,21,119,32,151
2009,2,Italia,169,55,23,247,173,420
2009,2,Suecia,361,334,3,698,1336,2034
2009,2,Noruega,91,112,6,209,825,1034
2009,2,Dinamarca,110,32,7,149,751,900
2009,2,Finlandia,403,518,1,922,4105,5027
2009,2,Suiza,118,49,2,169,100,269
2009,2,Austria,220,102,2,324,100,424
2009,2,Rusia,23,2,0,25,31,56
2009,2,Países del Este,130,59,4,193,56,249
2009,2,Resto de Europa,157,79,3,239,175,414
2009,2,Estados Unidos,52,14,6,72,42,114
2009,2,Resto de América,81,47,9,137,190,327
2009,2,Resto del Mundo,321,23,5,349,144,493
2009,2,TOTAL,30889,8027,1313,40229,18889,59118
2009,3,España,15098,3424,944,19466,9716,29182
2009,3,Holanda,125,37,1,163,105,268
2009,3,Bélgica,37,28,3,68,10,78
2009,3,Alemania,12110,1565,141,13816,3246,17062
2009,3,Francia,704,194,30,928,105,1033
2009,3,Gran Bretaña,3313,520,61,3894,613,4507
2009,3,Irlanda,69,30,15,114,20,134
2009,3,Italia,108,47,15,170,136,306
2009,3,Suecia,470,299,0,769,1308,2077
2009,3,Noruega,114,30,8,152,576,728
2009,3,Dinamarca,114,19,12,145,1018,1163
2009,3,Finlandia,382,557,0,939,5572,6511
2009,3,Suiza,80,50,5,135,56,191
2009,3,Austria,196,98,3,297,97,394
2009,3,Rusia,20,8,8,36,47,83
2009,3,Países del Este,106,63,17,186,110,296
2009,3,Resto de Europa,166,37,74,277,183,460
2009,3,Estados Unidos,28,8,3,39,63,102
2009,3,Resto de América,56,43,0,99,164,263
2009,3,Resto del Mundo,204,38,18,260,91,351
2009,3,TOTAL,33500,7095,1358,41953,23236,65189
2009,4,España,22926,5036,651,28613,15258,43871
2009,4,Holanda,105,27,1,133,107,240
2009,4,Bélgica,77,17,11,105,35,140
2009,4,Alemania,9863,1611,38,11512,2186,13698
2009,4,Francia,1122,251,26,1399,223,1622
2009,4,Gran Bretaña,2799,313,16,3128,954,4082
2009,4,Irlanda,63,22,0,85,57,142
2009,4,Italia,189,70,5,264,145,409
2009,4,Suecia,212,50,2,264,197,461
2009,4,Noruega,55,15,0,70,87,157
2009,4,Dinamarca,55,22,1,78,236,314
2009,4,Finlandia,232,187,2,421,1744,2165
2009,4,Suiza,200,54,4,258,84,342
2009,4,Austria,289,86,0,375,106,481
2009,4,Rusia,73,4,2,79,44,123
2009,4,Países del Este,82,68,1,151,81,232
2009,4,Resto de Europa,474,108,22,604,236,840
2009,4,Estados Unidos,99,21,6,126,82,208
2009,4,Resto de América,131,42,2,175,356,531
2009,4,Resto del Mundo,204,11,0,215,147,362
2009,4,TOTAL,39250,8015,790,48055,22365,70420
2009,5,España,20170,4448,178,24796,15127,39923
2009,5,Holanda,155,43,0,198,108,306
2009,5,Bélgica,120,9,0,129,11,140
2009,5,Alemania,6503,1085,31,7619,1880,9499
2009,5,Francia,702,131,7,840,200,1040
2009,5,Gran Bretaña,1448,199,7,1654,796,2450
2009,5,Irlanda,33,1,26,60,20,80
2009,5,Italia,90,27,2,119,97,216
2009,5,Suecia,12,0,0,12,39,51
2009,5,Noruega,1,8,0,9,6,15
2009,5,Dinamarca,11,4,2,17,12,29
2009,5,Finlandia,15,8,0,23,24,47
2009,5,Suiza,103,28,0,131,32,163
2009,5,Austria,171,73,2,246,103,349
2009,5,Rusia,49,12,0,61,21,82
2009,5,Países del Este,109,63,11,183,94,277
2009,5,Resto de Europa,365,71,0,436,108,544
2009,5,Estados Unidos,87,10,0,97,56,153
2009,5,Resto de América,164,27,5,196,234,430
2009,5,Resto del Mundo,102,25,2,129,196,325
2009,5,TOTAL,30410,6272,273,36955,19164,56119
2009,6,España,23286,5160,102,28548,19239,47787
2009,6,Holanda,97,26,5,128,55,183
2009,6,Bélgica,78,7,0,85,20,105
2009,6,Alemania,5494,809,36,6339,992,7331
2009,6,Francia,512,146,7,665,99,764
2009,6,Gran Bretaña,1504,146,5,1655,746,2401
2009,6,Irlanda,33,5,0,38,59,97
2009,6,Italia,135,37,2,174,170,344
2009,6,Suecia,18,0,0,18,53,71
2009,6,Noruega,14,3,0,17,38,55
2009,6,Dinamarca,79,1,0,80,29,109
2009,6,Finlandia,5,0,0,5,32,37
2009,6,Suiza,104,23,0,127,30,157
2009,6,Austria,79,39,0,118,56,174
2009,6,Rusia,51,8,5,64,61,125
2009,6,Países del Este,125,94,7,226,140,366
2009,6,Resto de Europa,587,114,30,731,287,1018
2009,6,Estados Unidos,122,16,2,140,52,192
2009,6,Resto de América,106,37,2,145,217,362
2009,6,Resto del Mundo,223,31,0,254,112,366
2009,6,TOTAL,32652,6702,203,39557,22487,62044
2009,7,España,31036,6146,192,37374,20574,57948
2009,7,Holanda,58,30,0,88,120,208
2009,7,Bélgica,62,16,0,78,78,156
2009,7,Alemania,5214,920,52,6186,1226,7412
2009,7,Francia,584,92,2,678,268,946
2009,7,Gran Bretaña,1049,170,5,1224,928,2152
2009,7,Irlanda,64,4,0,68,66,134
2009,7,Italia,123,69,9,201,346,547
2009,7,Suecia,15,2,0,17,67,84
2009,7,Noruega,18,8,0,26,50,76
2009,7,Dinamarca,5,15,0,20,50,70
2009,7,Finlandia,7,5,0,12,10,22
2009,7,Suiza,66,27,2,95,50,145
2009,7,Austria,123,51,0,174,37,211
2009,7,Rusia,61,1,2,64,75,139
2009,7,Países del Este,165,56,0,221,163,384
2009,7,Resto de Europa,459,235,4,698,331,1029
2009,7,Estados Unidos,132,8,2,142,82,224
2009,7,Resto de América,102,73,0,175,368,543
2009,7,Resto del Mundo,360,36,0,396,148,544
2009,7,TOTAL,39703,7964,270,47937,25037,72974
2009,8,España,41036,6858,706,48600,23074,71674
2009,8,Holanda,112,39,0,151,106,257
2009,8,Bélgica,55,11,0,66,29,95
2009,8,Alemania,5322,881,29,6232,1673,7905
2009,8,Francia,497,98,1,596,230,826
2009,8,Gran Bretaña,974,256,2,1232,784,2016
2009,8,Irlanda,31,3,0,34,46,80
2009,8,Italia,187,92,5,284,529,813
2009,8,Suecia,0,8,0,8,17,25
2009,8,Noruega,8,0,0,8,7,15
2009,8,Dinamarca,2,5,0,7,16,23
2009,8,Finlandia,0,1,0,1,9,10
2009,8,Suiza,45,18,22,85,65,150
2009,8,Austria,92,32,0,124,53,177
2009,8,Rusia,69,14,3,86,104,190
2009,8,Países del Este,144,70,1,215,169,384
2009,8,Resto de Europa,614,144,2,760,422,1182
2009,8,Estados Unidos,209,8,2,219,78,297
2009,8,Resto de América,96,146,4,246,474,720
2009,8,Resto del Mundo,143,43,1,187,169,356
2009,8,TOTAL,49636,8727,778,59141,28054,87195
2009,9,España,23415,3334,549,27298,13289,40587
2009,9,Holanda,95,21,0,116,59,175
2009,9,Bélgica,72,12,0,84,36,120
2009,9,Alemania,5888,1098,37,7023,1928,8951
2009,9,Francia,404,82,2,488,130,618
2009,9,Gran Bretaña,1943,238,2,2183,1070,3253
2009,9,Irlanda,34,3,0,37,36,73
2009,9,Italia,121,47,2,170,148,318
2009,9,Suecia,7,3,0,10,13,23
2009,9,Noruega,0,12,0,12,9,21
2009,9,Dinamarca,9,4,0,13,38,51
2009,9,Finlandia,2,8,2,12,36,48
2009,9,Suiza,78,15,0,93,78,171
2009,9,Austria,104,57,1,162,69,231
2009,9,Rusia,69,13,2,84,72,156
2009,9,Países del Este,108,51,1,160,183,343
2009,9,Resto de Europa,330,91,52,473,272,745
2009,9,Estados Unidos,259,5,0,264,63,327
2009,9,Resto de América,74,81,1,156,433,589
2009,9,Resto del Mundo,132,42,2,176,108,284
2009,9,TOTAL,33144,5217,653,39014,18070,57084
2009,10,España,22490,2949,637,26076,12053,38129
2009,10,Holanda,114,60,1,175,150,325
2009,10,Bélgica,86,10,3,99,46,145
2009,10,Alemania,5812,1172,21,7005,2330,9335
2009,10,Francia,526,67,8,601,184,785
2009,10,Gran Bretaña,1715,277,5,1997,1194,3191
2009,10,Irlanda,55,3,1,59,85,144
2009,10,Italia,122,37,6,165,127,292
2009,10,Suecia,114,42,1,157,506,663
2009,10,Noruega,46,8,0,54,269,323
2009,10,Dinamarca,75,12,0,87,520,607
2009,10,Finlandia,174,62,4,240,1739,1979
2009,10,Suiza,133,66,1,200,136,336
2009,10,Austria,125,64,1,190,113,303
2009,10,Rusia,43,6,0,49,39,88
2009,10,Países del Este,77,41,4,122,110,232
2009,10,Resto de Europa,366,36,0,402,169,571
2009,10,Estados Unidos,391,2,0,393,43,436
2009,10,Resto de América,113,39,0,152,267,419
2009,10,Resto del Mundo,118,15,1,134,123,257
2009,10,TOTAL,32695,4968,694,38357,20203,58560
2009,11,España,18880,3464,96,22440,8104,30544
2009,11,Holanda,81,44,9,134,72,206
2009,11,Bélgica,68,30,2,100,32,132
2009,11,Alemania,11414,1731,63,13208,2627,15835
2009,11,Francia,462,93,14,569,215,784
2009,11,Gran Bretaña,2350,539,12,2901,814,3715
2009,11,Irlanda,58,18,2,78,56,134
2009,11,Italia,99,29,5,133,80,213
2009,11,Suecia,311,60,2,373,1039,1412
2009,11,Noruega,72,43,0,115,519,634
2009,11,Dinamarca,87,8,0,95,567,662
2009,11,Finlandia,589,247,7,843,3964,4807
2009,11,Suiza,128,52,5,185,62,247
2009,11,Austria,193,119,2,314,149,463
2009,11,Rusia,34,6,0,40,29,69
2009,11,Países del Este,52,69,9,130,67,197
2009,11,Resto de Europa,187,48,0,235,121,356
2009,11,Estados Unidos,242,10,5,257,25,282
2009,11,Resto de América,53,39,0,92,133,225
2009,11,Resto del Mundo,72,20,0,92,69,161
2009,11,TOTAL,35432,6669,233,42334,18744,61078
2009,12,España,20145,3029,800,23974,8618,32592
2009,12,Holanda,97,58,1,156,117,273
2009,12,Bélgica,96,38,1,135,47,182
2009,12,Alemania,7961,1877,44,9882,2689,12571
2009,12,Francia,425,201,9,635,126,761
2009,12,Gran Bretaña,3089,540,0,3629,980,4609
2009,12,Irlanda,126,25,3,154,50,204
2009,12,Italia,170,99,4,273,242,515
2009,12,Suecia,411,97,1,509,1310,1819
2009,12,Noruega,108,62,4,174,786,960
2009,12,Dinamarca,69,15,1,85,755,840
2009,12,Finlandia,553,220,1,774,4119,4893
2009,12,Suiza,96,37,3,136,89,225
2009,12,Austria,171,113,0,284,124,408
2009,12,Rusia,45,20,2,67,88,155
2009,12,Países del Este,78,58,5,141,99,240
2009,12,Resto de Europa,341,100,7,448,334,782
2009,12,Estados Unidos,159,22,1,182,83,265
2009,12,Resto de América,85,39,1,125,256,381
2009,12,Resto del Mundo,187,22,8,217,149,366
2009,12,TOTAL,34412,6672,896,41980,21061,63041
2009,13,España,264427,50823,6457,321707,156227,477934
2009,13,Holanda,1307,531,37,1875,1289,3164
2009,13,Bélgica,920,217,33,1170,463,1633
2009,13,Alemania,96351,16225,928,113504,27577,141081
2009,13,Francia,7038,1593,186,8817,2027,10844
2009,13,Gran Bretaña,27601,4198,238,32037,11608,43645
2009,13,Irlanda,736,149,88,973,600,1573
2009,13,Italia,1648,681,112,2441,2417,4858
2009,13,Suecia,2370,1175,20,3565,7238,10803
2009,13,Noruega,676,451,28,1155,4089,5244
2009,13,Dinamarca,699,191,35,925,5039,5964
2009,13,Finlandia,2793,2391,26,5210,26341,31551
2009,13,Suiza,1269,466,50,1785,877,2662
2009,13,Austria,2077,951,17,3045,1247,4292
2009,13,Rusia,584,102,28,714,678,1392
2009,13,Países del Este,1318,748,64,2130,1318,3448
2009,13,Resto de Europa,4189,1136,209,5534,2928,8462
2009,13,Estados Unidos,1803,133,29,1965,699,2664
2009,13,Resto de América,1124,672,33,1829,3326,5155
2009,13,Resto del Mundo,2229,336,46,2611,1552,4163
2009,13,TOTAL,421159,83169,8664,512992,257540,770532
2010,1,España,14123,2627,628,17378,6585,23963
2010,1,Holanda,90,55,3,148,47,195
2010,1,Bélgica,111,23,3,137,84,221
2010,1,Alemania,11391,1840,76,13307,2630,15937
2010,1,Francia,513,229,6,748,120,868
2010,1,Gran Bretaña,3467,549,3,4019,1047,5066
2010,1,Irlanda,83,26,4,113,48,161
2010,1,Italia,112,81,5,198,181,379
2010,1,Suecia,456,96,5,557,1430,1987
2010,1,Noruega,106,24,1,131,808,939
2010,1,Dinamarca,64,24,2,90,910,1000
2010,1,Finlandia,495,349,4,848,4034,4882
2010,1,Suiza,111,51,0,162,57,219
2010,1,Austria,223,115,1,339,196,535
2010,1,Rusia,53,21,1,75,57,132
2010,1,Países del Este,42,59,1,102,57,159
2010,1,Resto de Europa,227,84,3,314,145,459
2010,1,Estados Unidos,29,17,2,48,41,89
2010,1,Resto de América,43,38,1,82,201,283
2010,1,Resto del Mundo,125,26,0,151,135,286
2010,1,TOTAL,31864,6334,749,38947,18813,57760
2010,2,España,14795,3164,702,18661,6839,25500
2010,2,Holanda,116,71,1,188,86,274
2010,2,Bélgica,87,14,6,107,32,139
2010,2,Alemania,8920,1946,56,10922,2371,13293
2010,2,Francia,721,379,4,1104,179,1283
2010,2,Gran Bretaña,3567,547,10,4124,983,5107
2010,2,Irlanda,102,29,1,132,50,182
2010,2,Italia,132,75,16,223,158,381
2010,2,Suecia,381,112,2,495,1081,1576
2010,2,Noruega,68,46,0,114,462,576
2010,2,Dinamarca,162,39,4,205,840,1045
2010,2,Finlandia,524,198,2,724,2778,3502
2010,2,Suiza,123,43,2,168,34,202
2010,2,Austria,260,102,0,362,75,437
2010,2,Rusia,33,8,0,41,18,59
2010,2,Países del Este,47,29,6,82,65,147
2010,2,Resto de Europa,188,81,5,274,84,358
2010,2,Estados Unidos,35,20,6,61,30,91
2010,2,Resto de América,76,35,2,113,146,259
2010,2,Resto del Mundo,281,41,4,326,152,478
2010,2,TOTAL,30618,6979,829,38426,16463,54889
2010,3,España,17210,3011,956,21177,9827,31004
2010,3,Holanda,94,67,0,161,79,240
2010,3,Bélgica,84,30,4,118,28,146
2010,3,Alemania,8555,1953,88,10596,2406,13002
2010,3,Francia,825,418,7,1250,109,1359
2010,3,Gran Bretaña,3393,465,5,3863,854,4717
2010,3,Irlanda,94,37,0,131,53,184
2010,3,Italia,113,53,4,170,109,279
2010,3,Suecia,295,82,8,385,940,1325
2010,3,Noruega,145,9,0,154,440,594
2010,3,Dinamarca,110,14,0,124,598,722
2010,3,Finlandia,450,180,2,632,2732,3364
2010,3,Suiza,100,32,0,132,35,167
2010,3,Austria,236,105,1,342,67,409
2010,3,Rusia,65,13,3,81,40,121
2010,3,Países del Este,61,32,2,95,83,178
2010,3,Resto de Europa,227,112,8,347,155,502
2010,3,Estados Unidos,76,21,4,101,71,172
2010,3,Resto de América,56,44,2,102,235,337
2010,3,Resto del Mundo,270,38,6,314,104,418
2010,3,TOTAL,32459,6716,1100,40275,18965,59240
2010,4,España,21409,3704,865,25978,12901,38879
2010,4,Holanda,65,13,1,79,74,153
2010,4,Bélgica,48,15,0,63,28,91
2010,4,Alemania,7857,1254,42,9153,1624,10777
2010,4,Francia,1059,336,2,1397,418,1815
2010,4,Gran Bretaña,2509,226,4,2739,820,3559
2010,4,Irlanda,55,12,0,67,13,80
2010,4,Italia,114,75,1,190,95,285
2010,4,Suecia,99,47,0,146,190,336
2010,4,Noruega,21,12,1,34,86,120
2010,4,Dinamarca,25,8,0,33,330,363
2010,4,Finlandia,110,125,1,236,992,1228
2010,4,Suiza,210,49,1,260,61,321
2010,4,Austria,155,58,0,213,40,253
2010,4,Rusia,58,8,0,66,36,102
2010,4,Países del Este,54,63,6,123,62,185
2010,4,Resto de Europa,211,109,0,320,144,464
2010,4,Estados Unidos,39,14,10,63,67,130
2010,4,Resto de América,74,59,3,136,165,301
2010,4,Resto del Mundo,146,36,2,184,174,358
2010,4,TOTAL,34318,6223,939,41480,18320,59800
2010,5,España,24585,3055,579,28219,12911,41130
2010,5,Holanda,160,50,10,220,168,388
2010,5,Bélgica,176,25,22,223,53,276
2010,5,Alemania,6110,1028,11,7149,1373,8522
2010,5,Francia,847,228,6,1081,332,1413
2010,5,Gran Bretaña,1125,276,0,1401,711,2112
2010,5,Irlanda,45,9,0,54,22,76
2010,5,Italia,212,60,5,277,150,427
2010,5,Suecia,17,5,2,24,40,64
2010,5,Noruega,0,2,0,2,28,30
2010,5,Dinamarca,5,7,0,12,5,17
2010,5,Finlandia,11,10,0,21,12,33
2010,5,Suiza,90,42,0,132,65,197
2010,5,Austria,99,48,0,147,78,225
2010,5,Rusia,46,10,0,56,45,101
2010,5,Países del Este,36,6,0,42,60,102
2010,5,Resto de Europa,335,93,0,428,188,616
2010,5,Estados Unidos,78,25,0,103,55,158
2010,5,Resto de América,125,76,4,205,216,421
2010,5,Resto del Mundo,147,47,1,195,101,296
2010,5,TOTAL,34249,5102,640,39991,16613,56604
2010,6,España,27190,4112,609,31911,18102,50013
2010,6,Holanda,65,51,0,116,104,220
2010,6,Bélgica,289,9,0,298,56,354
2010,6,Alemania,5086,784,6,5876,1062,6938
2010,6,Francia,713,103,6,822,237,1059
2010,6,Gran Bretaña,1429,199,0,1628,826,2454
2010,6,Irlanda,65,7,0,72,56,128
2010,6,Italia,146,63,11,220,296,516
2010,6,Suecia,38,9,0,47,65,112
2010,6,Noruega,14,4,0,18,59,77
2010,6,Dinamarca,12,3,0,15,31,46
2010,6,Finlandia,13,1,0,14,29,43
2010,6,Suiza,61,32,0,93,105,198
2010,6,Austria,137,40,0,177,36,213
2010,6,Rusia,39,7,4,50,54,104
2010,6,Países del Este,89,28,0,117,79,196
2010,6,Resto de Europa,479,69,1,549,172,721
2010,6,Estados Unidos,293,10,1,304,70,374
2010,6,Resto de América,102,67,0,169,326,495
2010,6,Resto del Mundo,166,29,0,195,223,418
2010,6,TOTAL,36426,5627,638,42691,21988,64679
2010,7,España,27208,3956,771,31935,14923,46858
2010,7,Holanda,58,57,2,117,171,288
2010,7,Bélgica,85,42,3,130,56,186
2010,7,Alemania,4562,1040,13,5615,1471,7086
2010,7,Francia,595,239,5,839,186,1025
2010,7,Gran Bretaña,1243,181,0,1424,741,2165
2010,7,Irlanda,87,8,0,95,38,133
2010,7,Italia,140,72,8,220,266,486
2010,7,Suecia,23,25,0,48,43,91
2010,7,Noruega,10,4,0,14,51,65
2010,7,Dinamarca,60,10,0,70,98,168
2010,7,Finlandia,28,4,0,32,29,61
2010,7,Suiza,83,38,2,123,64,187
2010,7,Austria,104,33,0,137,86,223
2010,7,Rusia,75,16,0,91,115,206
2010,7,Países del Este,105,75,2,182,96,278
2010,7,Resto de Europa,625,89,5,719,429,1148
2010,7,Estados Unidos,186,14,2,202,99,301
2010,7,Resto de América,157,126,0,283,314,597
2010,7,Resto del Mundo,138,83,3,224,271,495
2010,7,TOTAL,35572,6112,816,42500,19547,62047
2010,8,España,35139,4381,798,40318,15850,56168
2010,8,Holanda,108,36,9,153,103,256
2010,8,Bélgica,86,42,0,128,81,209
2010,8,Alemania,4888,988,9,5885,1346,7231
2010,8,Francia,692,121,4,817,279,1096
2010,8,Gran Bretaña,1218,142,6,1366,946,2312
2010,8,Irlanda,37,5,0,42,34,76
2010,8,Italia,233,150,1,384,640,1024
2010,8,Suecia,14,4,0,18,16,34
2010,8,Noruega,4,0,0,4,12,16
2010,8,Dinamarca,33,0,0,33,31,64
2010,8,Finlandia,4,5,0,9,22,31
2010,8,Suiza,54,5,0,59,26,85
2010,8,Austria,131,17,0,148,70,218
2010,8,Rusia,62,25,0,87,81,168
2010,8,Países del Este,121,32,0,153,158,311
2010,8,Resto de Europa,1028,116,0,1144,436,1580
2010,8,Estados Unidos,54,11,0,65,59,124
2010,8,Resto de América,108,85,0,193,361,554
2010,8,Resto del Mundo,295,34,0,329,228,557
2010,8,TOTAL,44309,6199,827,51335,20779,72114
2010,9,España,23398,2537,725,26660,10666,37326
2010,9,Holanda,65,33,0,98,115,213
2010,9,Bélgica,104,23,0,127,58,185
2010,9,Alemania,6938,1235,2,8175,2146,10321
2010,9,Francia,662,148,0,810,143,953
2010,9,Gran Bretaña,1801,190,0,1991,996,2987
2010,9,Irlanda,39,6,0,45,78,123
2010,9,Italia,125,57,0,182,176,358
2010,9,Suecia,3,9,0,12,58,70
2010,9,Noruega,12,5,0,17,32,49
2010,9,Dinamarca,15,7,0,22,78,100
2010,9,Finlandia,4,11,0,15,34,49
2010,9,Suiza,111,30,0,141,60,201
2010,9,Austria,152,76,0,228,42,270
2010,9,Rusia,61,33,3,97,89,186
2010,9,Países del Este,90,27,3,120,160,280
2010,9,Resto de Europa,858,70,11,939,247,1186
2010,9,Estados Unidos,141,14,0,155,86,241
2010,9,Resto de América,69,51,0,120,326,446
2010,9,Resto del Mundo,134,16,0,150,225,375
2010,9,TOTAL,34782,4578,744,40104,15815,55919
2010,10,España,19567,2765,716,23048,9677,32725
2010,10,Holanda,127,31,1,159,151,310
2010,10,Bélgica,64,29,0,93,25,118
2010,10,Alemania,6709,1359,18,8086,1710,9796
2010,10,Francia,376,217,1,594,137,731
2010,10,Gran Bretaña,2272,308,3,2583,1407,3990
2010,10,Irlanda,60,32,0,92,23,115
2010,10,Italia,137,57,5,199,188,387
2010,10,Suecia,123,60,3,186,552,738
2010,10,Noruega,72,19,0,91,280,371
2010,10,Dinamarca,339,9,0,348,463,811
2010,10,Finlandia,259,89,0,348,1581,1929
2010,10,Suiza,156,68,2,226,144,370
2010,10,Austria,174,102,0,276,108,384
2010,10,Rusia,128,10,2,140,67,207
2010,10,Países del Este,92,55,3,150,88,238
2010,10,Resto de Europa,396,69,5,470,205,675
2010,10,Estados Unidos,68,17,0,85,65,150
2010,10,Resto de América,129,59,3,191,197,388
2010,10,Resto del Mundo,87,25,6,118,256,374
2010,10,TOTAL,31335,5380,768,37483,17324,54807
2010,11,España,16899,2617,1323,20839,5877,26716
2010,11,Holanda,51,51,3,105,156,261
2010,11,Bélgica,81,22,0,103,32,135
2010,11,Alemania,9330,2021,12,11363,2072,13435
2010,11,Francia,201,405,0,606,188,794
2010,11,Gran Bretaña,2628,381,17,3026,906,3932
2010,11,Irlanda,43,27,0,70,47,117
2010,11,Italia,114,184,2,300,168,468
2010,11,Suecia,231,155,0,386,1212,1598
2010,11,Noruega,95,41,0,136,426,562
2010,11,Dinamarca,460,22,1,483,608,1091
2010,11,Finlandia,523,200,0,723,4071,4794
2010,11,Suiza,116,41,0,157,70,227
2010,11,Austria,156,102,0,258,126,384
2010,11,Rusia,67,23,0,90,99,189
2010,11,Países del Este,29,53,4,86,42,128
2010,11,Resto de Europa,267,125,0,392,193,585
2010,11,Estados Unidos,44,10,0,54,61,115
2010,11,Resto de América,58,48,0,106,132,238
2010,11,Resto del Mundo,78,25,0,103,190,293
2010,11,TOTAL,31471,6553,1362,39386,16676,56062
2010,12,España,16830,2487,1185,20502,6317,26819
2010,12,Holanda,122,88,0,210,236,446
2010,12,Bélgica,63,22,3,88,50,138
2010,12,Alemania,8975,1902,16,10893,2753,13646
2010,12,Francia,323,409,3,735,211,946
2010,12,Gran Bretaña,3222,472,5,3699,896,4595
2010,12,Irlanda,75,43,0,118,37,155
2010,12,Italia,136,114,1,251,270,521
2010,12,Suecia,361,132,0,493,1106,1599
2010,12,Noruega,70,51,1,122,646,768
2010,12,Dinamarca,385,34,5,424,490,914
2010,12,Finlandia,692,202,0,894,3921,4815
2010,12,Suiza,117,66,0,183,68,251
2010,12,Austria,182,63,0,245,180,425
2010,12,Rusia,54,8,0,62,69,131
2010,12,Países del Este,53,74,3,130,80,210
2010,12,Resto de Europa,164,45,3,212,251,463
2010,12,Estados Unidos,101,26,0,127,94,221
2010,12,Resto de América,53,33,5,91,187,278
2010,12,Resto del Mundo,140,38,0,178,208,386
2010,12,TOTAL,32118,6309,1230,39657,18070,57727
2010,13,España,258353,35252,12319,305924,130475,436399
2010,13,Holanda,1121,532,100,1753,1490,3243
2010,13,Bélgica,1278,282,49,1609,583,2192
2010,13,Alemania,89321,15404,2239,106964,22964,129928
2010,13,Francia,7527,2853,419,10799,2539,13338
2010,13,Gran Bretaña,27874,3389,590,31853,11133,42986
2010,13,Irlanda,785,212,33,1030,499,1529
2010,13,Italia,1714,966,118,2798,2697,5495
2010,13,Suecia,2041,624,130,2795,6733,9528
2010,13,Noruega,617,171,49,837,3330,4167
2010,13,Dinamarca,1670,138,47,1855,4482,6337
2010,13,Finlandia,3113,1176,205,4494,20235,24729
2010,13,Suiza,1332,454,48,1834,789,2623
2010,13,Austria,2009,759,104,2872,1104,3976
2010,13,Rusia,741,174,21,936,770,1706
2010,13,Países del Este,819,504,53,1376,1030,2406
2010,13,Resto de Europa,5005,981,117,6103,2649,8752
2010,13,Estados Unidos,1144,179,39,1362,798,2160
2010,13,Resto de América,1050,686,53,1789,2806,4595
2010,13,Resto del Mundo,2007,397,59,2463,2267,4730
2010,13,TOTAL,409521,65133,16792,491446,219373,710819
2011,1,España,14057,1867,1587,17511,3751,21262
2011,1,Holanda,100,62,1,163,64,227
2011,1,Bélgica,76,49,3,128,26,154
2011,1,Alemania,11789,2226,15,14030,2578,16608
2011,1,Francia,484,383,0,867,117,984
2011,1,Gran Bretaña,3315,414,8,3737,955,4692
2011,1,Irlanda,84,67,0,151,71,222
2011,1,Italia,186,63,1,250,158,408
2011,1,Suecia,544,233,0,777,927,1704
2011,1,Noruega,114,353,0,467,656,1123
2011,1,Dinamarca,475,80,1,556,582,1138
2011,1,Finlandia,569,401,0,970,4041,5011
2011,1,Suiza,177,47,0,224,64,288
2011,1,Austria,332,97,0,429,167,596
2011,1,Rusia,84,46,0,130,76,206
2011,1,Países del Este,63,23,1,87,76,163
2011,1,Resto de Europa,166,82,5,253,151,404
2011,1,Estados Unidos,37,18,0,55,32,87
2011,1,Resto de América,66,26,1,93,125,218
2011,1,Resto del Mundo,79,40,0,119,108,227
2011,1,TOTAL,32797,6577,1623,40997,14725,55722
2011,2,España,16052,2066,1415,19533,3843,23376
2011,2,Holanda,104,74,2,180,110,290
2011,2,Bélgica,79,32,0,111,32,143
2011,2,Alemania,11059,2058,49,13166,2175,15341
2011,2,Francia,762,529,2,1293,250,1543
2011,2,Gran Bretaña,3330,705,12,4047,852,4899
2011,2,Irlanda,59,25,1,85,22,107
2011,2,Italia,171,135,8,314,124,438
2011,2,Suecia,505,192,3,700,1082,1782
2011,2,Noruega,204,131,1,336,613,949
2011,2,Dinamarca,471,85,6,562,713,1275
2011,2,Finlandia,508,284,1,793,2983,3776
2011,2,Suiza,181,54,4,239,65,304
2011,2,Austria,392,111,14,517,119,636
2011,2,Rusia,113,15,1,129,39,168
2011,2,Países del Este,303,55,1,359,70,429
2011,2,Resto de Europa,242,127,14,383,231,614
2011,2,Estados Unidos,75,19,11,105,28,133
2011,2,Resto de América,92,64,4,160,96,256
2011,2,Resto del Mundo,103,44,0,147,76,223
2011,2,TOTAL,34805,6805,1549,43159,13523,56682
2011,3,España,17239,2234,1496,20969,5399,26368
2011,3,Holanda,157,48,1,206,119,325
2011,3,Bélgica,69,38,0,107,61,168
2011,3,Alemania,12448,2330,27,14805,3659,18464
2011,3,Francia,1422,582,13,2017,241,2258
2011,3,Gran Bretaña,4470,631,21,5122,1028,6150
2011,3,Irlanda,93,21,1,115,91,206
2011,3,Italia,119,112,9,240,209,449
2011,3,Suecia,588,189,1,778,1597,2375
2011,3,Noruega,148,20,1,169,811,980
2011,3,Dinamarca,612,46,0,658,766,1424
2011,3,Finlandia,501,214,9,724,3837,4561
2011,3,Suiza,187,39,5,231,111,342
2011,3,Austria,252,92,5,349,122,471
2011,3,Rusia,57,7,2,66,61,127
2011,3,Países del Este,255,37,1,293,134,427
2011,3,Resto de Europa,366,132,16,514,156,670
2011,3,Estados Unidos,77,29,9,115,52,167
2011,3,Resto de América,38,38,0,76,144,220
2011,3,Resto del Mundo,187,39,5,231,225,456
2011,3,TOTAL,39285,6878,1622,47785,18823,66608
2011,4,España,21709,2703,1022,25434,9169,34603
2011,4,Holanda,91,29,0,120,137,257
2011,4,Bélgica,100,21,0,121,63,184
2011,4,Alemania,8978,1513,33,10524,2467,12991
2011,4,Francia,1519,502,7,2028,369,2397
2011,4,Gran Bretaña,2944,480,6,3430,1178,4608
2011,4,Irlanda,35,9,0,44,15,59
2011,4,Italia,203,76,2,281,180,461
2011,4,Suecia,231,57,2,290,560,850
2011,4,Noruega,61,24,0,85,363,448
2011,4,Dinamarca,320,12,0,332,341,673
2011,4,Finlandia,154,122,0,276,1361,1637
2011,4,Suiza,182,46,2,230,73,303
2011,4,Austria,219,109,0,328,101,429
2011,4,Rusia,220,18,0,238,97,335
2011,4,Países del Este,205,56,6,267,94,361
2011,4,Resto de Europa,223,103,4,330,241,571
2011,4,Estados Unidos,60,7,2,69,77,146
2011,4,Resto de América,96,55,4,155,224,379
2011,4,Resto del Mundo,162,33,6,201,252,453
2011,4,TOTAL,37712,5975,1096,44783,17362,62145
2011,5,España,21584,2617,939,25140,9233,34373
2011,5,Holanda,100,51,1,152,110,262
2011,5,Bélgica,85,22,0,107,25,132
2011,5,Alemania,6171,1339,10,7520,1384,8904
2011,5,Francia,1010,248,0,1258,227,1485
2011,5,Gran Bretaña,1529,325,0,1854,672,2526
2011,5,Irlanda,36,16,0,52,54,106
2011,5,Italia,140,94,0,234,158,392
2011,5,Suecia,25,0,0,25,20,45
2011,5,Noruega,6,1,0,7,54,61
2011,5,Dinamarca,17,1,0,18,65,83
2011,5,Finlandia,6,0,0,6,125,131
2011,5,Suiza,94,30,0,124,30,154
2011,5,Austria,97,62,0,159,45,204
2011,5,Rusia,174,39,0,213,162,375
2011,5,Países del Este,537,65,0,602,97,699
2011,5,Resto de Europa,309,74,4,387,330,717
2011,5,Estados Unidos,44,9,0,53,82,135
2011,5,Resto de América,57,55,0,112,199,311
2011,5,Resto del Mundo,183,33,0,216,89,305
2011,5,TOTAL,32204,5081,954,38239,13161,51400
2011,6,España,25026,2917,875,28818,10751,39569
2011,6,Holanda,41,31,0,72,86,158
2011,6,Bélgica,56,28,0,84,17,101
2011,6,Alemania,6256,1173,3,7432,1326,8758
2011,6,Francia,719,129,7,855,234,1089
2011,6,Gran Bretaña,1485,238,0,1723,716,2439
2011,6,Irlanda,19,18,0,37,34,71
2011,6,Italia,100,67,7,174,184,358
2011,6,Suecia,10,6,0,16,3,19
2011,6,Noruega,7,1,0,8,60,68
2011,6,Dinamarca,18,0,0,18,64,82
2011,6,Finlandia,60,6,0,66,13,79
2011,6,Suiza,91,22,0,113,23,136
2011,6,Austria,110,34,0,144,39,183
2011,6,Rusia,262,28,0,290,137,427
2011,6,Países del Este,307,48,0,355,93,448
2011,6,Resto de Europa,1203,174,0,1377,540,1917
2011,6,Estados Unidos,111,6,0,117,40,157
2011,6,Resto de América,88,42,0,130,163,293
2011,6,Resto del Mundo,289,21,1,311,96,407
2011,6,TOTAL,36258,4989,893,42140,14619,56759
2011,7,España,31092,3621,1011,35724,13352,49076
2011,7,Holanda,130,69,2,201,161,362
2011,7,Bélgica,113,23,0,136,85,221
2011,7,Alemania,6249,1244,13,7506,2126,9632
2011,7,Francia,805,269,14,1088,402,1490
2011,7,Gran Bretaña,1944,490,5,2439,973,3412
2011,7,Irlanda,17,34,0,51,66,117
2011,7,Italia,222,93,8,323,308,631
2011,7,Suecia,21,14,0,35,60,95
2011,7,Noruega,19,7,4,30,58,88
2011,7,Dinamarca,28,10,2,40,205,245
2011,7,Finlandia,38,3,0,41,16,57
2011,7,Suiza,114,26,0,140,46,186
2011,7,Austria,262,50,0,312,49,361
2011,7,Rusia,369,36,0,405,234,639
2011,7,Países del Este,135,34,0,169,127,296
2011,7,Resto de Europa,730,150,0,880,331,1211
2011,7,Estados Unidos,116,13,0,129,69,198
2011,7,Resto de América,109,75,0,184,369,553
2011,7,Resto del Mundo,301,49,16,366,134,500
2011,7,TOTAL,42814,6310,1075,50199,19171,69370
2011,8,España,35730,4010,290,40030,13546,53576
2011,8,Holanda,98,51,6,155,108,263
2011,8,Bélgica,76,43,0,119,65,184
2011,8,Alemania,6253,1292,0,7545,2099,9644
2011,8,Francia,779,273,20,1072,386,1458
2011,8,Gran Bretaña,2199,608,31,2838,1029,3867
2011,8,Irlanda,147,29,0,176,93,269
2011,8,Italia,211,174,60,445,579,1024
2011,8,Suecia,7,3,0,10,65,75
2011,8,Noruega,3,8,6,17,14,31
2011,8,Dinamarca,26,4,6,36,188,224
2011,8,Finlandia,0,0,0,0,17,17
2011,8,Suiza,192,22,0,214,41,255
2011,8,Austria,182,35,0,217,20,237
2011,8,Rusia,332,30,0,362,249,611
2011,8,Países del Este,198,48,0,246,126,372
2011,8,Resto de Europa,1202,177,0,1379,423,1802
2011,8,Estados Unidos,29,10,3,42,27,69
2011,8,Resto de América,464,102,0,566,304,870
2011,8,Resto del Mundo,183,34,6,223,169,392
2011,8,TOTAL,48311,6953,428,55692,19548,75240
2011,9,España,23464,2618,904,26986,8673,35659
2011,9,Holanda,112,67,0,179,125,304
2011,9,Bélgica,101,37,1,139,91,230
2011,9,Alemania,7149,1433,4,8586,1975,10561
2011,9,Francia,622,317,3,942,190,1132
2011,9,Gran Bretaña,2893,781,3,3677,647,4324
2011,9,Irlanda,58,53,0,111,59,170
2011,9,Italia,183,137,4,324,217,541
2011,9,Suecia,12,7,0,19,102,121
2011,9,Noruega,13,2,0,15,15,30
2011,9,Dinamarca,31,6,0,37,116,153
2011,9,Finlandia,17,13,0,30,66,96
2011,9,Suiza,83,30,0,113,29,142
2011,9,Austria,216,48,0,264,29,293
2011,9,Rusia,258,44,0,302,277,579
2011,9,Países del Este,258,57,4,319,89,408
2011,9,Resto de Europa,1141,138,0,1279,259,1538
2011,9,Estados Unidos,49,5,0,54,28,82
2011,9,Resto de América,106,75,0,181,149,330
2011,9,Resto del Mundo,237,44,0,281,114,395
2011,9,TOTAL,37003,5912,923,43838,13250,57088
2011,10,España,19255,1608,50,20913,7429,28342
2011,10,Holanda,165,103,0,268,138,406
2011,10,Bélgica,83,48,0,131,88,219
2011,10,Alemania,7960,1496,28,9484,2608,12092
2011,10,Francia,1064,183,16,1263,384,1647
2011,10,Gran Bretaña,4163,650,700,5513,1247,6760
2011,10,Irlanda,116,23,0,139,75,214
2011,10,Italia,232,185,16,433,339,772
2011,10,Suecia,195,96,0,291,803,1094
2011,10,Noruega,119,36,2,157,308,465
2011,10,Dinamarca,58,55,0,113,295,408
2011,10,Finlandia,464,243,7,714,1845,2559
2011,10,Suiza,190,55,3,248,83,331
2011,10,Austria,223,131,3,357,78,435
2011,10,Rusia,185,79,8,272,445,717
2011,10,Países del Este,240,99,0,339,146,485
2011,10,Resto de Europa,1120,147,0,1267,252,1519
2011,10,Estados Unidos,55,25,4,84,69,153
2011,10,Resto de América,109,74,0,183,219,402
2011,10,Resto del Mundo,394,77,28,499,121,620
2011,10,TOTAL,36390,5413,865,42668,16972,59640
2011,11,España,17658,1969,56,19683,4005,23688
2011,11,Holanda,148,47,0,195,78,273
2011,11,Bélgica,63,35,0,98,30,128
2011,11,Alemania,11360,2227,24,13611,2654,16265
2011,11,Francia,473,284,6,763,219,982
2011,11,Gran Bretaña,3483,527,1044,5054,822,5876
2011,11,Irlanda,27,52,0,79,24,103
2011,11,Italia,150,136,11,297,90,387
2011,11,Suecia,631,247,0,878,1428,2306
2011,11,Noruega,181,120,2,303,264,567
2011,11,Dinamarca,135,99,0,234,407,641
2011,11,Finlandia,883,355,7,1245,3460,4705
2011,11,Suiza,147,51,6,204,41,245
2011,11,Austria,227,105,0,332,80,412
2011,11,Rusia,171,22,4,197,78,275
2011,11,Países del Este,80,72,6,158,54,212
2011,11,Resto de Europa,227,77,4,308,64,372
2011,11,Estados Unidos,67,14,3,84,25,109
2011,11,Resto de América,26,46,0,72,104,176
2011,11,Resto del Mundo,113,43,7,163,113,276
2011,11,TOTAL,36250,6528,1180,43958,14040,57998
2011,12,España,18082,2004,234,20320,4255,24575
2011,12,Holanda,92,59,0,151,131,282
2011,12,Bélgica,90,43,11,144,72,216
2011,12,Alemania,11592,1891,75,13558,2975,16533
2011,12,Francia,868,379,11,1258,316,1574
2011,12,Gran Bretaña,2888,674,32,3594,835,4429
2011,12,Irlanda,99,40,7,146,52,198
2011,12,Italia,216,89,25,330,198,528
2011,12,Suecia,481,158,14,653,1718,2371
2011,12,Noruega,118,83,7,208,438,646
2011,12,Dinamarca,116,61,0,177,400,577
2011,12,Finlandia,488,278,4,770,2832,3602
2011,12,Suiza,174,41,4,219,99,318
2011,12,Austria,293,95,0,388,118,506
2011,12,Rusia,268,55,7,330,179,509
2011,12,Países del Este,130,60,0,190,82,272
2011,12,Resto de Europa,407,204,14,625,171,796
2011,12,Estados Unidos,142,21,11,174,93,267
2011,12,Resto de América,138,64,0,202,151,353
2011,12,Resto del Mundo,227,61,50,338,210,548
2011,12,TOTAL,36909,6360,506,43775,15325,59100
2011,13,España,260948,30234,9879,301061,93406,394467
2011,13,Holanda,1338,691,13,2042,1367,3409
2011,13,Bélgica,991,419,15,1425,655,2080
2011,13,Alemania,107264,20222,281,127767,28026,155793
2011,13,Francia,10527,4078,99,14704,3335,18039
2011,13,Gran Bretaña,34643,6523,1862,43028,10954,53982
2011,13,Irlanda,790,387,9,1186,656,1842
2011,13,Italia,2133,1361,151,3645,2744,6389
2011,13,Suecia,3250,1202,20,4472,8365,12837
2011,13,Noruega,993,786,23,1802,3654,5456
2011,13,Dinamarca,2307,459,15,2781,4142,6923
2011,13,Finlandia,3688,1919,28,5635,20596,26231
2011,13,Suiza,1812,463,24,2299,705,3004
2011,13,Austria,2805,969,22,3796,967,4763
2011,13,Rusia,2493,419,22,2934,2034,4968
2011,13,Países del Este,2711,654,19,3384,1188,4572
2011,13,Resto de Europa,7336,1585,61,8982,3149,12131
2011,13,Estados Unidos,862,176,43,1081,622,1703
2011,13,Resto de América,1389,716,9,2114,2247,4361
2011,13,Resto del Mundo,2458,518,119,3095,1707,4802
2011,13,TOTAL,450738,73781,12714,537233,190519,727752
2012,1,España,15222,1631,75,16928,2256,19184
2012,1,Holanda,100,42,6,148,65,213
2012,1,Bélgica,73,46,0,119,39,158
2012,1,Alemania,13984,2359,41,16384,2859,19243
2012,1,Francia,780,223,21,1024,126,1150
2012,1,Gran Bretaña,2677,511,1215,4403,786,5189
2012,1,Irlanda,87,40,6,133,46,179
2012,1,Italia,166,80,13,259,174,433
2012,1,Suecia,605,256,6,867,1898,2765
2012,1,Noruega,317,67,3,387,642,1029
2012,1,Dinamarca,290,75,6,371,769,1140
2012,1,Finlandia,617,351,9,977,2707,3684
2012,1,Suiza,119,51,1,171,77,248
2012,1,Austria,348,147,3,498,79,577
2012,1,Rusia,117,60,2,179,254,433
2012,1,Países del Este,76,31,0,107,46,153
2012,1,Resto de Europa,233,172,2,407,150,557
2012,1,Estados Unidos,48,24,1,73,40,113
2012,1,Resto de América,60,59,0,119,43,162
2012,1,Resto del Mundo,183,29,21,233,74,307
2012,1,TOTAL,36102,6254,1431,43787,13130,56917
2012,2,España,15359,1843,167,17369,3886,21255
2012,2,Holanda,103,54,4,161,78,239
2012,2,Bélgica,103,19,0,122,34,156
2012,2,Alemania,11994,2233,40,14267,2072,16339
2012,2,Francia,1209,279,15,1503,307,1810
2012,2,Gran Bretaña,3000,629,1013,4642,850,5492
2012,2,Irlanda,77,37,8,122,46,168
2012,2,Italia,101,70,28,199,163,362
2012,2,Suecia,501,162,3,666,1119,1785
2012,2,Noruega,182,93,3,278,494,772
2012,2,Dinamarca,291,61,5,357,709,1066
2012,2,Finlandia,573,302,3,878,2748,3626
2012,2,Suiza,180,62,0,242,48,290
2012,2,Austria,374,161,0,535,81,616
2012,2,Rusia,48,42,2,92,90,182
2012,2,Países del Este,69,55,7,131,36,167
2012,2,Resto de Europa,161,201,8,370,207,577
2012,2,Estados Unidos,36,19,3,58,18,76
2012,2,Resto de América,28,50,2,80,59,139
2012,2,Resto del Mundo,247,30,0,277,125,402
2012,2,TOTAL,34636,6402,1311,42349,13170,55519
2012,3,España,16591,2344,136,19071,5761,24832
2012,3,Holanda,130,44,16,190,114,304
2012,3,Bélgica,55,23,10,88,62,150
2012,3,Alemania,11781,2450,98,14329,2981,17310
2012,3,Francia,1041,439,11,1491,269,1760
2012,3,Gran Bretaña,3667,662,1080,5409,1150,6559
2012,3,Irlanda,93,49,6,148,41,189
2012,3,Italia,169,93,18,280,170,450
2012,3,Suecia,788,178,0,966,1354,2320
2012,3,Noruega,150,70,0,220,431,651
2012,3,Dinamarca,291,49,2,342,540,882
2012,3,Finlandia,902,267,6,1175,2720,3895
2012,3,Suiza,145,50,4,199,48,247
2012,3,Austria,296,152,1,449,90,539
2012,3,Rusia,104,44,0,148,114,262
2012,3,Países del Este,104,57,0,161,126,287
2012,3,Resto de Europa,249,152,0,401,289,690
2012,3,Estados Unidos,47,19,0,66,61,127
2012,3,Resto de América,45,46,0,91,99,190
2012,3,Resto del Mundo,306,31,12,349,129,478
2012,3,TOTAL,36954,7219,1400,45573,16549,62122
2012,4,España,19458,2049,835,22342,8656,30998
2012,4,Holanda,130,46,1,177,150,327
2012,4,Bélgica,71,18,0,89,61,150
2012,4,Alemania,9693,1692,30,11415,1949,13364
2012,4,Francia,1175,342,40,1557,360,1917
2012,4,Gran Bretaña,2618,371,16,3005,758,3763
2012,4,Irlanda,110,55,0,165,27,192
2012,4,Italia,81,102,9,192,160,352
2012,4,Suecia,226,47,5,278,463,741
2012,4,Noruega,121,25,0,146,201,347
2012,4,Dinamarca,84,5,0,89,229,318
2012,4,Finlandia,285,53,3,341,925,1266
2012,4,Suiza,138,46,3,187,46,233
2012,4,Austria,211,75,0,286,81,367
2012,4,Rusia,134,62,3,199,115,314
2012,4,Países del Este,207,44,3,254,82,336
2012,4,Resto de Europa,275,122,0,397,225,622
2012,4,Estados Unidos,63,6,0,69,57,126
2012,4,Resto de América,46,41,2,89,129,218
2012,4,Resto del Mundo,112,33,4,149,167,316
2012,4,TOTAL,35238,5234,954,41426,14841,56267
2012,5,España,21141,1866,636,23643,8642,32285
2012,5,Holanda,120,31,3,154,52,206
2012,5,Bélgica,69,19,2,90,80,170
2012,5,Alemania,7994,1128,26,9148,1486,10634
2012,5,Francia,1136,353,0,1489,182,1671
2012,5,Gran Bretaña,1812,207,5,2024,469,2493
2012,5,Irlanda,73,25,0,98,11,109
2012,5,Italia,141,113,7,261,127,388
2012,5,Suecia,11,11,0,22,25,47
2012,5,Noruega,11,5,0,16,11,27
2012,5,Dinamarca,25,0,0,25,33,58
2012,5,Finlandia,29,3,0,32,84,116
2012,5,Suiza,176,35,3,214,39,253
2012,5,Austria,186,36,0,222,90,312
2012,5,Rusia,129,30,0,159,152,311
2012,5,Países del Este,196,59,0,255,52,307
2012,5,Resto de Europa,277,93,1,371,200,571
2012,5,Estados Unidos,50,14,0,64,47,111
2012,5,Resto de América,66,44,0,110,162,272
2012,5,Resto del Mundo,193,34,13,240,120,360
2012,5,TOTAL,33835,4106,696,38637,12064,50701
2012,6,España,24430,2266,871,27567,10339,37906
2012,6,Holanda,115,29,3,147,90,237
2012,6,Bélgica,94,18,0,112,42,154
2012,6,Alemania,6870,1342,28,8240,1291,9531
2012,6,Francia,719,134,4,857,215,1072
2012,6,Gran Bretaña,2426,111,0,2537,648,3185
2012,6,Irlanda,201,43,0,244,66,310
2012,6,Italia,144,62,9,215,188,403
2012,6,Suecia,20,11,0,31,59,90
2012,6,Noruega,26,14,0,40,25,65
2012,6,Dinamarca,38,18,0,56,68,124
2012,6,Finlandia,11,5,0,16,13,29
2012,6,Suiza,84,46,0,130,48,178
2012,6,Austria,213,37,0,250,25,275
2012,6,Rusia,160,42,0,202,231,433
2012,6,Países del Este,369,65,0,434,162,596
2012,6,Resto de Europa,661,182,3,846,207,1053
2012,6,Estados Unidos,68,25,3,96,70,166
2012,6,Resto de América,63,46,4,113,174,287
2012,6,Resto del Mundo,305,20,0,325,108,433
2012,6,TOTAL,37017,4516,925,42458,14069,56527
2012,7,España,23724,2722,1030,27476,7056,34532
2012,7,Holanda,120,84,0,204,48,252
2012,7,Bélgica,109,21,0,130,27,157
2012,7,Alemania,6083,1310,13,7406,1169,8575
2012,7,Francia,971,204,7,1182,130,1312
2012,7,Gran Bretaña,2375,376,5,2756,145,2901
2012,7,Irlanda,71,31,0,102,29,131
2012,7,Italia,152,77,11,240,105,345
2012,7,Suecia,30,19,0,49,32,81
2012,7,Noruega,40,5,0,45,5,50
2012,7,Dinamarca,25,11,0,36,73,109
2012,7,Finlandia,7,6,0,13,4,17
2012,7,Suiza,147,34,0,181,20,201
2012,7,Austria,259,24,0,283,40,323
2012,7,Rusia,190,70,3,263,149,412
2012,7,Países del Este,348,39,0,387,70,457
2012,7,Resto de Europa,685,185,3,873,143,1016
2012,7,Estados Unidos,47,9,0,56,16,72
2012,7,Resto de América,55,71,0,126,117,243
2012,7,Resto del Mundo,308,59,0,367,71,438
2012,7,TOTAL,35746,5357,1072,42175,9449,51624
2012,8,España,28645,3064,1167,32876,11643,44519
2012,8,Holanda,270,48,0,318,101,419
2012,8,Bélgica,80,15,0,95,54,149
2012,8,Alemania,7664,1306,52,9022,2080,11102
2012,8,Francia,1093,229,5,1327,397,1724
2012,8,Gran Bretaña,2857,379,13,3249,956,4205
2012,8,Irlanda,89,18,1,108,38,146
2012,8,Italia,202,157,9,368,519,887
2012,8,Suecia,7,6,0,13,31,44
2012,8,Noruega,18,0,0,18,35,53
2012,8,Dinamarca,29,1,0,30,131,161
2012,8,Finlandia,10,2,4,16,9,25
2012,8,Suiza,63,30,0,93,63,156
2012,8,Austria,275,59,0,334,42,376
2012,8,Rusia,173,41,4,218,340,558
2012,8,Países del Este,496,73,0,569,170,739
2012,8,Resto de Europa,1007,206,8,1221,210,1431
2012,8,Estados Unidos,42,7,0,49,30,79
2012,8,Resto de América,67,98,0,165,286,451
2012,8,Resto del Mundo,258,50,0,308,104,412
2012,8,TOTAL,43345,5789,1263,50397,17239,67636
2012,9,España,22226,2378,964,25568,8526,34094
2012,9,Holanda,180,50,2,232,110,342
2012,9,Bélgica,131,10,2,143,59,202
2012,9,Alemania,8804,1702,41,10547,2185,12732
2012,9,Francia,830,257,7,1094,250,1344
2012,9,Gran Bretaña,4763,459,4,5226,909,6135
2012,9,Irlanda,196,59,0,255,59,314
2012,9,Italia,170,85,32,287,230,517
2012,9,Suecia,15,18,0,33,80,113
2012,9,Noruega,11,7,0,18,7,25
2012,9,Dinamarca,70,7,0,77,40,117
2012,9,Finlandia,7,7,0,14,102,116
2012,9,Suiza,155,41,0,196,76,272
2012,9,Austria,244,74,0,318,86,404
2012,9,Rusia,159,79,0,238,296,534
2012,9,Países del Este,109,69,1,179,175,354
2012,9,Resto de Europa,888,228,0,1116,306,1422
2012,9,Estados Unidos,76,7,0,83,52,135
2012,9,Resto de América,100,65,0,165,221,386
2012,9,Resto del Mundo,557,33,6,596,116,712
2012,9,TOTAL,39691,5635,1059,46385,13885,60270
2012,10,España,17550,1828,956,20334,6475,26809
2012,10,Holanda,184,26,3,213,113,326
2012,10,Bélgica,157,29,0,186,57,243
2012,10,Alemania,7112,1550,30,8692,2348,11040
2012,10,Francia,844,171,3,1018,205,1223
2012,10,Gran Bretaña,4735,451,5,5191,1058,6249
2012,10,Irlanda,330,66,5,401,61,462
2012,10,Italia,201,88,6,295,180,475
2012,10,Suecia,523,93,0,616,783,1399
2012,10,Noruega,193,41,0,234,274,508
2012,10,Dinamarca,156,22,0,178,433,611
2012,10,Finlandia,583,139,3,725,1679,2404
2012,10,Suiza,269,69,0,338,149,487
2012,10,Austria,200,86,0,286,83,369
2012,10,Rusia,231,77,2,310,262,572
2012,10,Países del Este,321,41,2,364,77,441
2012,10,Resto de Europa,667,216,7,890,266,1156
2012,10,Estados Unidos,56,8,0,64,33,97
2012,10,Resto de América,48,64,14,126,159,285
2012,10,Resto del Mundo,970,40,0,1010,75,1085
2012,10,TOTAL,35330,5105,1036,41471,14770,56241
2012,11,España,13735,1389,865,15989,3925,19914
2012,11,Holanda,132,41,2,175,93,268
2012,11,Bélgica,74,26,2,102,68,170
2012,11,Alemania,11862,2266,23,14151,2454,16605
2012,11,Francia,440,179,8,627,199,826
2012,11,Gran Bretaña,3210,420,2,3632,809,4441
2012,11,Irlanda,271,81,2,354,46,400
2012,11,Italia,162,62,6,230,219,449
2012,11,Suecia,768,330,4,1102,1416,2518
2012,11,Noruega,327,118,5,450,418,868
2012,11,Dinamarca,263,47,5,315,569,884
2012,11,Finlandia,846,343,6,1195,2727,3922
2012,11,Suiza,256,57,8,321,82,403
2012,11,Austria,215,109,1,325,44,369
2012,11,Rusia,261,47,9,317,136,453
2012,11,Países del Este,117,30,0,147,95,242
2012,11,Resto de Europa,277,121,0,398,203,601
2012,11,Estados Unidos,39,14,4,57,22,79
2012,11,Resto de América,68,43,2,113,93,206
2012,11,Resto del Mundo,194,33,14,241,114,355
2012,11,TOTAL,33517,5756,968,40241,13732,53973
2012,12,España,14341,1630,157,16128,4291,20419
2012,12,Holanda,103,52,6,161,235,396
2012,12,Bélgica,272,18,0,290,69,359
2012,12,Alemania,10269,1975,56,12300,2949,15249
2012,12,Francia,570,282,5,857,270,1127
2012,12,Gran Bretaña,3656,500,33,4189,802,4991
2012,12,Irlanda,210,82,2,294,103,397
2012,12,Italia,154,79,34,267,204,471
2012,12,Suecia,964,289,4,1257,1635,2892
2012,12,Noruega,192,194,995,1381,687,2068
2012,12,Dinamarca,175,98,0,273,654,927
2012,12,Finlandia,802,310,4,1116,2638,3754
2012,12,Suiza,162,54,1,217,87,304
2012,12,Austria,234,93,1,328,144,472
2012,12,Rusia,274,44,3,321,158,479
2012,12,Países del Este,108,54,1,163,128,291
2012,12,Resto de Europa,350,118,1,469,241,710
2012,12,Estados Unidos,87,10,2,99,47,146
2012,12,Resto de América,47,54,5,106,166,272
2012,12,Resto del Mundo,480,39,7,526,242,768
2012,12,TOTAL,33450,5975,1317,40742,15750,56492
2012,13,España,232422,25010,7859,265291,81456,346747
2012,13,Holanda,1687,547,46,2280,1249,3529
2012,13,Bélgica,1288,262,16,1566,652,2218
2012,13,Alemania,114110,21313,478,135901,25823,161724
2012,13,Francia,10808,3092,126,14026,2910,16936
2012,13,Gran Bretaña,37796,5076,3391,46263,9340,55603
2012,13,Irlanda,1808,586,30,2424,573,2997
2012,13,Italia,1843,1068,182,3093,2439,5532
2012,13,Suecia,4458,1420,22,5900,8895,14795
2012,13,Noruega,1588,639,1006,3233,3230,6463
2012,13,Dinamarca,1737,394,18,2149,4248,6397
2012,13,Finlandia,4672,1788,38,6498,16356,22854
2012,13,Suiza,1894,575,20,2489,783,3272
2012,13,Austria,3055,1053,6,4114,885,4999
2012,13,Rusia,1980,638,28,2646,2297,4943
2012,13,Países del Este,2520,617,14,3151,1219,4370
2012,13,Resto de Europa,5730,1996,33,7759,2647,10406
2012,13,Estados Unidos,659,162,13,834,493,1327
2012,13,Resto de América,693,681,29,1403,1708,3111
2012,13,Resto del Mundo,4113,431,77,4621,1445,6066
2012,13,TOTAL,434861,67348,13432,515641,168648,684289
2013,1,España,13840,1541,151,15532,3663,19195
2013,1,Holanda,183,40,21,244,182,426
2013,1,Bélgica,78,11,10,99,68,167
2013,1,Alemania,12531,2184,66,14781,2785,17566
2013,1,Francia,631,163,12,806,139,945
2013,1,Gran Bretaña,3015,584,25,3624,897,4521
2013,1,Irlanda,87,95,4,186,69,255
2013,1,Italia,127,108,12,247,187,434
2013,1,Suecia,640,265,10,915,1497,2412
2013,1,Noruega,210,231,1026,1467,587,2054
2013,1,Dinamarca,323,74,4,401,474,875
2013,1,Finlandia,683,482,16,1181,3042,4223
2013,1,Suiza,124,50,3,177,75,252
2013,1,Austria,225,143,1,369,99,468
2013,1,Rusia,299,44,8,351,166,517
2013,1,Países del Este,68,23,0,91,86,177
2013,1,Resto de Europa,256,95,0,351,203,554
2013,1,Estados Unidos,20,11,1,32,30,62
2013,1,Resto de América,57,33,4,94,79,173
2013,1,Resto del Mundo,412,41,14,467,113,580
2013,1,TOTAL,33809,6218,1388,41415,14441,55856
2013,2,España,15157,2055,169,17381,3704,21085
2013,2,Holanda,211,47,3,261,163,424
2013,2,Bélgica,62,16,2,80,42,122
2013,2,Alemania,10290,2002,80,12372,1937,14309
2013,2,Francia,743,258,21,1022,259,1281
2013,2,Gran Bretaña,3394,615,19,4028,709,4737
2013,2,Irlanda,70,74,4,148,71,219
2013,2,Italia,144,80,23,247,152,399
2013,2,Suecia,588,223,11,822,1206,2028
2013,2,Noruega,188,177,1027,1392,403,1795
2013,2,Dinamarca,231,59,13,303,609,912
2013,2,Finlandia,558,363,5,926,2166,3092
2013,2,Suiza,166,61,9,236,31,267
2013,2,Austria,293,96,7,396,92,488
2013,2,Rusia,313,25,9,347,121,468
2013,2,Países del Este,91,43,10,144,50,194
2013,2,Resto de Europa,230,101,12,343,180,523
2013,2,Estados Unidos,33,20,4,57,20,77
2013,2,Resto de América,60,48,0,108,71,179
2013,2,Resto del Mundo,426,51,15,492,102,594
2013,2,TOTAL,33248,6414,1443,41105,12088,53193
2013,3,España,18995,2364,1340,22699,6304,29003
2013,3,Holanda,185,52,0,237,165,402
2013,3,Bélgica,101,21,1,123,60,183
2013,3,Alemania,10793,2092,48,12933,2887,15820
2013,3,Francia,1396,496,18,1910,293,2203
2013,3,Gran Bretaña,4074,548,19,4641,953,5594
2013,3,Irlanda,97,68,0,165,56,221
2013,3,Italia,125,89,16,230,117,347
2013,3,Suecia,794,231,0,1025,1380,2405
2013,3,Noruega,324,79,3,406,240,646
2013,3,Dinamarca,259,51,6,316,462,778
2013,3,Finlandia,777,401,3,1181,2582,3763
2013,3,Suiza,181,43,10,234,83,317
2013,3,Austria,318,99,0,417,66,483
2013,3,Rusia,353,34,15,402,137,539
2013,3,Países del Este,166,25,1,192,54,246
2013,3,Resto de Europa,415,114,12,541,191,732
2013,3,Estados Unidos,92,17,5,114,27,141
2013,3,Resto de América,65,52,5,122,174,296
2013,3,Resto del Mundo,235,36,16,287,108,395
2013,3,TOTAL,39745,6912,1518,48175,16339,64514
2013,4,España,19112,2119,730,21961,7690,29651
2013,4,Holanda,125,17,0,142,184,326
2013,4,Bélgica,47,11,2,60,47,107
2013,4,Alemania,8236,1160,17,9413,1762,11175
2013,4,Francia,1258,238,25,1521,409,1930
2013,4,Gran Bretaña,3489,453,19,3961,718,4679
2013,4,Irlanda,69,41,0,110,38,148
2013,4,Italia,153,68,10,231,177,408
2013,4,Suecia,219,46,0,265,562,827
2013,4,Noruega,72,12,0,84,98,182
2013,4,Dinamarca,69,13,0,82,239,321
2013,4,Finlandia,250,240,2,492,947,1439
2013,4,Suiza,207,33,4,244,127,371
2013,4,Austria,168,56,5,229,53,282
2013,4,Rusia,237,71,0,308,233,541
2013,4,Países del Este,120,39,0,159,67,226
2013,4,Resto de Europa,246,145,0,391,292,683
2013,4,Estados Unidos,99,7,5,111,51,162
2013,4,Resto de América,54,26,1,81,120,201
2013,4,Resto del Mundo,138,13,5,156,80,236
2013,4,TOTAL,34368,4808,825,40001,13894,53895
2013,5,España,19975,2030,1166,23171,9250,32421
2013,5,Holanda,94,26,3,123,179,302
2013,5,Bélgica,57,27,0,84,57,141
2013,5,Alemania,7199,1090,7,8296,1547,9843
2013,5,Francia,1219,214,3,1436,372,1808
2013,5,Gran Bretaña,1858,191,4,2053,663,2716
2013,5,Irlanda,37,26,0,63,49,112
2013,5,Italia,107,73,1,181,210,391
2013,5,Suecia,21,7,0,28,43,71
2013,5,Noruega,9,3,0,12,28,40
2013,5,Dinamarca,32,5,0,37,43,80
2013,5,Finlandia,27,5,0,32,68,100
2013,5,Suiza,140,26,0,166,46,212
2013,5,Austria,215,20,0,235,49,284
2013,5,Rusia,183,59,0,242,327,569
2013,5,Países del Este,214,25,1,240,53,293
2013,5,Resto de Europa,495,71,0,566,209,775
2013,5,Estados Unidos,36,17,0,53,27,80
2013,5,Resto de América,45,43,1,89,124,213
2013,5,Resto del Mundo,283,16,1,300,102,402
2013,5,TOTAL,32246,3974,1187,37407,13446,50853
2013,6,España,24270,3009,1015,28294,12818,41112
2013,6,Holanda,124,27,0,151,208,359
2013,6,Bélgica,98,11,0,109,43,152
2013,6,Alemania,7018,1292,10,8320,1335,9655
2013,6,Francia,1165,328,4,1497,279,1776
2013,6,Gran Bretaña,3150,262,3,3415,782,4197
2013,6,Irlanda,76,5,0,81,81,162
2013,6,Italia,212,76,1,289,287,576
2013,6,Suecia,22,32,0,54,36,90
2013,6,Noruega,9,11,0,20,55,75
2013,6,Dinamarca,132,3,0,135,68,203
2013,6,Finlandia,18,3,0,21,23,44
2013,6,Suiza,130,49,0,179,61,240
2013,6,Austria,198,20,1,219,54,273
2013,6,Rusia,389,82,0,471,341,812
2013,6,Países del Este,207,55,0,262,130,392
2013,6,Resto de Europa,831,99,1,931,269,1200
2013,6,Estados Unidos,68,20,1,89,54,143
2013,6,Resto de América,61,35,0,96,225,321
2013,6,Resto del Mundo,381,28,10,419,130,549
2013,6,TOTAL,38559,5447,1046,45052,17279,62331
2013,7,España,27323,2859,929,31111,12869,43980
2013,7,Holanda,259,30,0,289,397,686
2013,7,Bélgica,132,18,0,150,111,261
2013,7,Alemania,7636,1379,1,9016,2214,11230
2013,7,Francia,1478,141,0,1619,401,2020
2013,7,Gran Bretaña,2994,266,1,3261,941,4202
2013,7,Irlanda,67,14,0,81,29,110
2013,7,Italia,255,108,7,370,296,666
2013,7,Suecia,28,8,0,36,146,182
2013,7,Noruega,69,14,0,83,63,146
2013,7,Dinamarca,132,5,0,137,217,354
2013,7,Finlandia,20,2,0,22,13,35
2013,7,Suiza,176,46,0,222,56,278
2013,7,Austria,263,63,0,326,116,442
2013,7,Rusia,500,58,0,558,444,1002
2013,7,Países del Este,485,51,2,538,152,690
2013,7,Resto de Europa,1427,119,0,1546,348,1894
2013,7,Estados Unidos,69,6,0,75,74,149
2013,7,Resto de América,149,50,0,199,211,410
2013,7,Resto del Mundo,437,50,0,487,130,617
2013,7,TOTAL,43899,5287,940,50126,19228,69354
2013,8,España,32664,3420,804,36888,15659,52547
2013,8,Holanda,174,65,0,239,424,663
2013,8,Bélgica,81,35,1,117,96,213
2013,8,Alemania,7850,1429,12,9291,2338,11629
2013,8,Francia,1627,202,5,1834,379,2213
2013,8,Gran Bretaña,3677,491,7,4175,1193,5368
2013,8,Irlanda,68,20,0,88,95,183
2013,8,Italia,288,198,16,502,591,1093
2013,8,Suecia,17,8,1,26,56,82
2013,8,Noruega,6,13,0,19,29,48
2013,8,Dinamarca,66,6,0,72,143,215
2013,8,Finlandia,17,0,0,17,18,35
2013,8,Suiza,137,20,0,157,39,196
2013,8,Austria,277,66,0,343,92,435
2013,8,Rusia,401,58,0,459,425,884
2013,8,Países del Este,467,132,2,601,140,741
2013,8,Resto de Europa,1191,146,0,1337,320,1657
2013,8,Estados Unidos,46,2,0,48,58,106
2013,8,Resto de América,90,124,2,216,295,511
2013,8,Resto del Mundo,419,41,7,467,162,629
2013,8,TOTAL,49563,6476,857,56896,22552,79448
2013,9,España,21563,2401,1014,24978,10641,35619
2013,9,Holanda,768,29,2,799,177,976
2013,9,Bélgica,47,39,0,86,34,120
2013,9,Alemania,8703,1809,17,10529,2371,12900
2013,9,Francia,1110,92,15,1217,256,1473
2013,9,Gran Bretaña,3617,415,8,4040,505,4545
2013,9,Irlanda,163,56,0,219,76,295
2013,9,Italia,222,80,38,340,391,731
2013,9,Suecia,18,7,0,25,82,107
2013,9,Noruega,11,4,0,15,40,55
2013,9,Dinamarca,111,2,1,114,101,215
2013,9,Finlandia,33,6,0,39,34,73
2013,9,Suiza,172,69,0,241,86,327
2013,9,Austria,530,71,2,603,92,695
2013,9,Rusia,485,70,5,560,342,902
2013,9,Países del Este,432,128,0,560,187,747
2013,9,Resto de Europa,1610,148,0,1758,407,2165
2013,9,Estados Unidos,83,14,0,97,13,110
2013,9,Resto de América,86,66,0,152,216,368
2013,9,Resto del Mundo,333,43,6,382,147,529
2013,9,TOTAL,40097,5549,1108,46754,16198,62952
2013,10,España,19240,1790,1098,22128,8823,30951
2013,10,Holanda,167,30,0,197,234,431
2013,10,Bélgica,125,12,1,138,28,166
2013,10,Alemania,8373,1740,11,10124,2467,12591
2013,10,Francia,1248,170,24,1442,326,1768
2013,10,Gran Bretaña,5391,320,7,5718,563,6281
2013,10,Irlanda,165,55,2,222,54,276
2013,10,Italia,198,80,6,284,225,509
2013,10,Suecia,619,274,3,896,991,1887
2013,10,Noruega,317,32,4,353,459,812
2013,10,Dinamarca,219,76,0,295,516,811
2013,10,Finlandia,658,165,0,823,1486,2309
2013,10,Suiza,268,70,7,345,107,452
2013,10,Austria,224,74,0,298,71,369
2013,10,Rusia,487,116,8,611,372,983
2013,10,Países del Este,581,159,9,749,218,967
2013,10,Resto de Europa,1494,218,3,1715,410,2125
2013,10,Estados Unidos,63,12,0,75,13,88
2013,10,Resto de América,83,61,6,150,212,362
2013,10,Resto del Mundo,652,29,0,681,156,837
2013,10,TOTAL,40572,5483,1189,47244,17731,64975
2013,11,España,17486,2356,205,20047,5832,25879
2013,11,Holanda,231,34,5,270,170,440
2013,11,Bélgica,70,32,1,103,28,131
2013,11,Alemania,13830,2661,72,16563,3570,20133
2013,11,Francia,462,178,12,652,127,779
2013,11,Gran Bretaña,3835,685,39,4559,550,5109
2013,11,Irlanda,172,103,2,277,97,374
2013,11,Italia,211,85,26,322,148,470
2013,11,Suecia,939,343,376,1658,1634,3292
2013,11,Noruega,325,163,277,765,768,1533
2013,11,Dinamarca,233,208,5,446,843,1289
2013,11,Finlandia,1345,623,19,1987,3591,5578
2013,11,Suiza,176,63,1,240,69,309
2013,11,Austria,286,96,0,382,93,475
2013,11,Rusia,317,150,6,473,245,718
2013,11,Países del Este,133,85,1,219,90,309
2013,11,Resto de Europa,928,186,21,1135,508,1643
2013,11,Estados Unidos,176,3,2,181,21,202
2013,11,Resto de América,41,56,7,104,152,256
2013,11,Resto del Mundo,443,26,35,504,117,621
2013,11,TOTAL,41639,8136,1112,50887,18653,69540
2013,12,España,17383,1998,201,19582,4328,23910
2013,12,Holanda,133,20,12,165,215,380
2013,12,Bélgica,112,29,6,147,70,217
2013,12,Alemania,10255,2283,92,12630,3108,15738
2013,12,Francia,999,278,15,1292,184,1476
2013,12,Gran Bretaña,3586,467,41,4094,565,4659
2013,12,Irlanda,118,73,11,202,59,261
2013,12,Italia,185,82,41,308,170,478
2013,12,Suecia,990,449,608,2047,1408,3455
2013,12,Noruega,393,183,301,877,698,1575
2013,12,Dinamarca,193,106,20,319,873,1192
2013,12,Finlandia,862,462,27,1351,2794,4145
2013,12,Suiza,224,43,5,272,89,361
2013,12,Austria,240,95,2,337,151,488
2013,12,Rusia,525,90,8,623,203,826
2013,12,Países del Este,346,94,20,460,130,590
2013,12,Resto de Europa,660,190,0,850,456,1306
2013,12,Estados Unidos,82,14,0,96,14,110
2013,12,Resto de América,47,17,0,64,156,220
2013,12,Resto del Mundo,498,73,11,582,208,790
2013,12,TOTAL,37831,7046,1421,46298,15879,62177
2013,13,España,195415,73667,12746,226311,135299,325948
2013,13,Holanda,2271,743,103,2677,2533,5375
2013,13,Bélgica,780,463,53,1037,789,1721
2013,13,Alemania,98060,33104,3093,116943,42108,145253
2013,13,Francia,10693,4932,619,13136,5860,16556
2013,13,Gran Bretaña,35936,10913,716,40897,13992,49932
2013,13,Irlanda,1046,754,42,1680,826,2454
2013,13,Italia,1760,1410,373,2900,3027,5843
2013,13,Suecia,4845,1903,1049,7707,8949,16748
2013,13,Noruega,1855,975,2663,5390,3453,8858
2013,13,Dinamarca,1736,864,57,2385,4575,6973
2013,13,Finlandia,5210,2785,77,8029,16771,24793
2013,13,Suiza,1795,784,134,2312,1153,3181
2013,13,Austria,2776,1277,100,3610,1403,4637
2013,13,Rusia,3600,1606,199,4376,3600,7732
2013,13,Países del Este,2618,1445,150,3417,1875,4772
2013,13,Resto de Europa,7525,3672,266,8988,5653,12780
2013,13,Estados Unidos,730,254,43,865,438,1266
2013,13,Resto de América,628,736,111,1180,1894,3215
2013,13,Resto del Mundo,3839,1187,188,4328,2201,5873
2013,13,TOTAL,383118,143474,22782,458168,256399,653910
2014,1,España,12957,1521,203,14681,2544,17225
2014,1,Holanda,172,45,8,225,264,489
2014,1,Bélgica,103,35,9,147,76,223
2014,1,Alemania,12700,2374,134,15208,2736,17944
2014,1,Francia,835,207,21,1063,133,1196
2014,1,Gran Bretaña,3382,692,73,4147,758,4905
2014,1,Irlanda,112,94,6,212,94,306
2014,1,Italia,218,103,23,344,175,519
2014,1,Suecia,807,410,409,1626,1089,2715
2014,1,Noruega,352,213,413,978,645,1623
2014,1,Dinamarca,494,162,10,666,691,1357
2014,1,Finlandia,919,570,27,1516,3061,4577
2014,1,Suiza,157,53,10,220,86,306
2014,1,Austria,253,143,6,402,101,503
2014,1,Rusia,500,203,14,717,285,1002
2014,1,Países del Este,326,42,2,370,70,440
2014,1,Resto de Europa,676,131,14,821,371,1192
2014,1,Estados Unidos,26,19,6,51,45,96
2014,1,Resto de América,65,26,2,93,77,170
2014,1,Resto del Mundo,265,11,28,304,82,386
2014,1,TOTAL,35319,7054,1418,43791,13383,57174
2014,2,España,13829,1649,336,15814,2710,18524
2014,2,Holanda,224,25,6,255,216,471
2014,2,Bélgica,78,68,7,153,53,206
2014,2,Alemania,11179,2267,137,13583,2113,15696
2014,2,Francia,1009,282,54,1345,328,1673
2014,2,Gran Bretaña,3289,648,71,4008,1088,5096
2014,2,Irlanda,192,93,4,289,81,370
2014,2,Italia,161,81,40,282,157,439
2014,2,Suecia,791,326,579,1696,961,2657
2014,2,Noruega,371,150,428,949,635,1584
2014,2,Dinamarca,296,102,5,403,574,977
2014,2,Finlandia,839,474,29,1342,2659,4001
2014,2,Suiza,149,77,11,237,97,334
2014,2,Austria,228,102,8,338,163,501
2014,2,Rusia,499,127,22,648,127,775
2014,2,Países del Este,299,43,22,364,91,455
2014,2,Resto de Europa,632,140,38,810,319,1129
2014,2,Estados Unidos,38,26,8,72,58,130
2014,2,Resto de América,28,23,12,63,83,146
2014,2,Resto del Mundo,381,38,7,426,118,544
2014,2,TOTAL,34512,6741,1824,43077,12631,55708
2014,3,España,14431,1577,358,16366,4202,20568
2014,3,Holanda,163,37,7,207,159,366
2014,3,Bélgica,90,30,5,125,82,207
2014,3,Alemania,13543,2477,140,16160,3195,19355
2014,3,Francia,1648,288,67,2003,428,2431
2014,3,Gran Bretaña,3992,528,67,4587,1225,5812
2014,3,Irlanda,168,110,7,285,96,381
2014,3,Italia,193,63,48,304,235,539
2014,3,Suecia,851,237,512,1600,1065,2665
2014,3,Noruega,290,164,437,891,734,1625
2014,3,Dinamarca,355,76,3,434,611,1045
2014,3,Finlandia,764,499,11,1274,3375,4649
2014,3,Suiza,195,59,11,265,72,337
2014,3,Austria,618,88,16,722,146,868
2014,3,Rusia,397,77,20,494,295,789
2014,3,Países del Este,328,55,43,426,176,602
2014,3,Resto de Europa,675,129,22,826,428,1254
2014,3,Estados Unidos,114,5,2,121,34,155
2014,3,Resto de América,28,24,6,58,105,163
2014,3,Resto del Mundo,470,94,3,567,136,703
2014,3,TOTAL,39313,6617,1785,47715,16799,64514
2014,4,España,16974,2458,905,20337,8112,28449
2014,4,Holanda,141,19,11,171,189,360
2014,4,Bélgica,99,47,1,147,40,187
2014,4,Alemania,9872,1871,58,11801,2462,14263
2014,4,Francia,1572,253,53,1878,481,2359
2014,4,Gran Bretaña,3774,359,36,4169,1086,5255
2014,4,Irlanda,98,50,11,159,54,213
2014,4,Italia,204,61,42,307,266,573
2014,4,Suecia,297,73,2,372,391,763
2014,4,Noruega,185,36,8,229,258,487
2014,4,Dinamarca,189,32,6,227,278,505
2014,4,Finlandia,463,121,3,587,1115,1702
2014,4,Suiza,199,83,7,289,101,390
2014,4,Austria,263,67,8,338,75,413
2014,4,Rusia,299,117,12,428,239,667
2014,4,Países del Este,234,76,33,343,154,497
2014,4,Resto de Europa,653,190,3,846,357,1203
2014,4,Estados Unidos,64,7,28,99,50,149
2014,4,Resto de América,34,18,11,63,130,193
2014,4,Resto del Mundo,254,23,4,281,109,390
2014,4,TOTAL,35868,5961,1242,43071,15947,59018
2014,5,España,17406,1746,662,19814,9391,29205
2014,5,Holanda,97,29,3,129,137,266
2014,5,Bélgica,124,22,9,155,112,267
2014,5,Alemania,7479,1496,36,9011,2258,11269
2014,5,Francia,1847,141,21,2009,466,2475
2014,5,Gran Bretaña,2257,357,28,2642,821,3463
2014,5,Irlanda,99,34,0,133,76,209
2014,5,Italia,202,114,14,330,262,592
2014,5,Suecia,73,4,1,78,13,91
2014,5,Noruega,32,2,0,34,13,47
2014,5,Dinamarca,28,0,0,28,64,92
2014,5,Finlandia,21,15,0,36,68,104
2014,5,Suiza,229,49,11,289,130,419
2014,5,Austria,337,108,0,445,79,524
2014,5,Rusia,307,67,12,386,327,713
2014,5,Países del Este,132,44,23,199,143,342
2014,5,Resto de Europa,908,144,5,1057,489,1546
2014,5,Estados Unidos,69,15,8,92,35,127
2014,5,Resto de América,53,54,4,111,154,265
2014,5,Resto del Mundo,407,18,11,436,139,575
2014,5,TOTAL,32107,4459,848,37414,15177,52591
2014,6,España,22.945,1.845,1.200,25.990,11.861,37.851
2014,6,Holanda,140,28,4,172,135,307
2014,6,Bélgica,115,28,0,143,102,245
2014,6,Alemania,7.074,1.862,54,8.990,1.977,10.967
2014,6,Francia,1.177,109,26,1.312,495,1.807
2014,6,Gran Bretaña,2.980,484,28,3.492,899,4.391
2014,6,Irlanda,150,42,0,192,122,314
2014,6,Italia,183,95,19,297,333,630
2014,6,Suecia,33,11,0,44,42,86
2014,6,Noruega,28,6,3,37,53,90
2014,6,Dinamarca,98,13,0,111,67,178
2014,6,Finlandia,9,8,3,20,27,47
2014,6,Suiza,174,49,0,223,63,286
2014,6,Austria,242,49,0,291,63,354
2014,6,Rusia,247,73,16,336,486,822
2014,6,Países del Este,570,119,24,713,331,1.044
2014,6,Resto de Europa,1.146,183,0,1.329,378,1.707
2014,6,Estados Unidos,49,7,0,56,53,109
2014,6,Resto de América,57,53,0,110,151,261
2014,6,Resto del Mundo,439,59,23,521,207,728
2014,6,TOTAL,37856,5123,1400,44379,17845,62224
2014,7,España,24.608,4.644,1.495,30.747,14.146,44.893
2014,7,Holanda,218,52,5,275,177,452
2014,7,Bélgica,108,35,8,151,40,191
2014,7,Alemania,8.285,1.872,34,10.191,2.857,13.048
2014,7,Francia,1.687,134,26,1.847,504,2.351
2014,7,Gran Bretaña,3.497,906,8,4.411,1.499,5.910
2014,7,Irlanda,129,53,5,187,146,333
2014,7,Italia,194,138,45,377,462,839
2014,7,Suecia,56,19,0,75,62,137
2014,7,Noruega,47,25,4,76,84,160
2014,7,Dinamarca,302,19,0,321,210,531
2014,7,Finlandia,7,0,0,7,54,61
2014,7,Suiza,211,51,4,266,102,368
2014,7,Austria,253,69,0,322,106,428
2014,7,Rusia,388,90,5,483,521,1.004
2014,7,Países del Este,765,273,9,1.047,238,1.285
2014,7,Resto de Europa,1.382,269,6,1.657,701,2.358
2014,7,Estados Unidos,61,12,2,75,66,141
2014,7,Resto de América,66,69,11,146,223,369
2014,7,Resto del Mundo,248,44,11,303,201,504
2014,7,TOTAL,42512,8774,1678,52964,22399,75363
2014,8,España,31.248,4.289,1.551,37.088,15.221,52.309
2014,8,Holanda,162,31,4,197,154,351
2014,8,Bélgica,81,29,1,111,84,195
2014,8,Alemania,8.717,2.128,88,10.933,3.423,14.356
2014,8,Francia,2.021,234,30,2.285,601,2.886
2014,8,Gran Bretaña,3.550,645,25,4.220,1.362,5.582
2014,8,Irlanda,92,16,1,109,174,283
2014,8,Italia,531,226,101,858,768,1.626
2014,8,Suecia,38,0,3,41,18,59
2014,8,Noruega,14,13,8,35,13,48
2014,8,Dinamarca,89,11,0,100,64,164
2014,8,Finlandia,4,0,0,4,6,10
2014,8,Suiza,131,33,4,168,74,242
2014,8,Austria,305,76,7,388,110,498
2014,8,Rusia,301,170,22,493,458,951
2014,8,Países del Este,377,211,11,599,205,804
2014,8,Resto de Europa,1.256,238,5,1.499,676,2.175
2014,8,Estados Unidos,55,13,10,78,38,116
2014,8,Resto de América,62,84,3,149,241,390
2014,8,Resto del Mundo,364,39,14,417,218,635
2014,8,TOTAL,49398,8486,1888,59772,23908,83680
2014,9,España,22.123,2.606,1.557,26.286,10.409,36.695
2014,9,Holanda,169,23,4,196,254,450
2014,9,Bélgica,92,11,9,112,84,196
2014,9,Alemania,9.577,2.155,50,11.782,3.018,14.800
2014,9,Francia,2.333,115,29,2.477,458,2.935
2014,9,Gran Bretaña,3.668,488,25,4.181,1.493,5.674
2014,9,Irlanda,150,36,0,186,124,310
2014,9,Italia,237,169,40,446,490,936
2014,9,Suecia,16,9,0,25,31,56
2014,9,Noruega,20,16,0,36,112,148
2014,9,Dinamarca,44,9,0,53,148,201
2014,9,Finlandia,35,31,4,70,190,260
2014,9,Suiza,251,72,5,328,99,427
2014,9,Austria,199,119,8,326,103,429
2014,9,Rusia,165,175,23,363,399,762
2014,9,Países del Este,563,115,7,685,255,940
2014,9,Resto de Europa,1.048,223,0,1.271,567,1.838
2014,9,Estados Unidos,81,7,3,91,64,155
2014,9,Resto de América,163,92,4,259,203,462
2014,9,Resto del Mundo,1.240,54,3,1.297,164,1.461
2014,9,TOTAL,42174,6525,1771,50470,18665,69135
2014,10,España,20.713,2.325,1.329,24.367,8.914,33.281
2014,10,Holanda,166,28,0,194,158,352
2014,10,Bélgica,106,26,10,142,67,209
2014,10,Alemania,8.644,1.617,76,10.337,3.049,13.386
2014,10,Francia,1.791,180,54,2.025,467,2.492
2014,10,Gran Bretaña,4.396,466,21,4.883,1.423,6.306
2014,10,Irlanda,112,36,3,151,74,225
2014,10,Italia,234,132,47,413,494,907
2014,10,Suecia,352,63,1,416,433,849
2014,10,Noruega,181,38,10,229,375,604
2014,10,Dinamarca,158,36,1,195,326,521
2014,10,Finlandia,548,136,3,687,1.952,2.639
2014,10,Suiza,240,65,11,316,159,475
2014,10,Austria,197,75,1,273,84,357
2014,10,Rusia,625,142,31,798,495,1.293
2014,10,Países del Este,573,137,38,748,146,894
2014,10,Resto de Europa,1.060,243,13,1.316,614,1.930
2014,10,Estados Unidos,53,18,5,76,28,104
2014,10,Resto de América,82,66,0,148,140,288
2014,10,Resto del Mundo,296,36,12,344,197,541
2014,10,TOTAL,40527,5865,1666,48058,19595,67653
2014,11,España,15.792,1.505,264,17.561,5.019,22.580
2014,11,Holanda,99,30,5,134,144,278
2014,11,Bélgica,93,42,9,144,61,205
2014,11,Alemania,13.536,2.401,83,16.020,2.877,18.897
2014,11,Francia,674,144,41,859,193,1.052
2014,11,Gran Bretaña,2.305,458,65,2.828,880,3.708
2014,11,Irlanda,52,19,0,71,66,137
2014,11,Italia,227,131,46,404,305,709
2014,11,Suecia,656,242,10,908,727,1.635
2014,11,Noruega,225,144,13,382,387,769
2014,11,Dinamarca,248,144,1.378,1.770,400,2.170
2014,11,Finlandia,888,469,11,1.368,3.068,4.436
2014,11,Suiza,243,63,7,313,78,391
2014,11,Austria,229,117,6,352,103,455
2014,11,Rusia,454,161,37,652,281,933
2014,11,Países del Este,376,89,45,510,91,601
2014,11,Resto de Europa,434,146,9,589,483,1.072
2014,11,Estados Unidos,70,17,4,91,28,119
2014,11,Resto de América,66,23,4,93,77,170
2014,11,Resto del Mundo,94,78,0,172,111,283
2014,11,TOTAL,36761,6423,2037,45221,15379,60600
2014,12,España,16.046,1.390,456,17.892,4.586,22.478
2014,12,Holanda,113,41,10,164,271,435
2014,12,Bélgica,114,31,19,164,71,235
2014,12,Alemania,11.222,2.277,125,13.624,3.730,17.354
2014,12,Francia,717,135,38,890,195,1.085
2014,12,Gran Bretaña,3.002,485,55,3.542,990,4.532
2014,12,Irlanda,52,53,8,113,65,178
2014,12,Italia,279,121,34,434,283,717
2014,12,Suecia,516,318,9,843,913,1.756
2014,12,Noruega,269,114,16,399,539,938
2014,12,Dinamarca,265,131,1.063,1.459,518,1.977
2014,12,Finlandia,720,390,29,1.139,2.352,3.491
2014,12,Suiza,233,75,6,314,90,404
2014,12,Austria,299,111,3,413,122,535
2014,12,Rusia,341,34,14,389,123,512
2014,12,Países del Este,427,48,24,499,115,614
2014,12,Resto de Europa,657,131,12,800,473,1.273
2014,12,Estados Unidos,59,12,1,72,42,114
2014,12,Resto de América,65,14,7,86,100,186
2014,12,Resto del Mundo,156,79,8,243,164,407
2014,12,TOTAL,35552,5990,1937,43479,15742,59221
2014,13,España,229.072,27.555,10.316,266.943,97.115,364.058
2014,13,Holanda,1.864,388,67,2.319,2.258,4.577
2014,13,Bélgica,1.203,404,87,1.694,872,2.566
2014,13,Alemania,121.828,24.797,1.015,147.640,33.695,181.335
2014,13,Francia,17.311,2.222,460,19.993,4.749,24.742
2014,13,Gran Bretaña,40.092,6.516,502,47.110,13.524,60.634
2014,13,Irlanda,1.406,636,45,2.087,1.172,3.259
2014,13,Italia,2.863,1.434,499,4.796,4.230,9.026
2014,13,Suecia,4.486,1.712,1.526,7.724,5.745,13.469
2014,13,Noruega,2.014,921,1.340,4.275,3.848,8.123
2014,13,Dinamarca,2.566,735,2.466,5.767,3.951,9.718
2014,13,Finlandia,5.217,2.713,120,8.050,17.927,25.977
2014,13,Suiza,2.412,729,87,3.228,1.151,4.379
2014,13,Austria,3.423,1.124,63,4.610,1.255,5.865
2014,13,Rusia,4.523,1.436,228,6.187,4.036,10.223
2014,13,Países del Este,4.970,1.252,281,6.503,2.015,8.518
2014,13,Resto de Europa,10.527,2.167,127,12.821,5.856,18.677
2014,13,Estados Unidos,739,158,77,974,541,1.515
2014,13,Resto de América,769,546,64,1.379,1.684,3.063
2014,13,Resto del Mundo,4.614,573,124,5.311,1.846,7.157
2014,13,TOTAL,461.899,78.018,19.494,559.411,207.470,766.881
2015,1,España,12.685,1.279,250,14.214,3.297,17.511
2015,1,Holanda,72,51,25,148,202,350
2015,1,Bélgica,116,29,10,155,81,236
2015,1,Alemania,13.244,2.415,149,15.808,3.328,19.136
2015,1,Francia,805,206,59,1.070,211,1.281
2015,1,Reino Unido,2.525,631,71,3.227,1093,4.320
2015,1,Irlanda,87,76,5,168,93,261
2015,1,Italia,270,176,28,474,331,805
2015,1,Suecia,459,328,16,803,845,1.648
2015,1,Noruega,226,187,14,427,396,823
2015,1,Dinamarca,379,140,1.298,1.817,653,2.470
2015,1,Finlandia,708,446,28,1.182,2.995,4.177
2015,1,Suiza,177,46,9,232,94,326
2015,1,Austria,262,150,2,414,128,542
2015,1,Rusia,489,51,2,542,264,806
2015,1,Países del Este,438,63,21,522,80,602
2015,1,Resto de Europa,535,106,15,656,503,1.159
2015,1,USA,43,9,0,52,35,87
2015,1,Resto de América,46,31,4,81,70,151
2015,1,Resto del Mundo,103,60,3,166,153,319
2015,1,TOTAL,33669,6480,2009,42158,14852,57010
2015,2,España,11.904,1.916,309,14.129,3.265,17.394
2015,2,Holanda,105,56,14,175,226,401
2015,2,Bélgica,73,35,5,113,44,157
2015,2,Alemania,11.692,2.131,143,13.966,2.893,16.859
2015,2,Francia,781,214,63,1.058,331,1.389
2015,2,Reino Unido,2.697,712,55,3.464,974,4.438
2015,2,Irlanda,98,128,9,235,69,304
2015,2,Italia,197,198,53,448,234,682
2015,2,Suecia,504,478,4,986,982,1.968
2015,2,Noruega,173,305,13,491,481,972
2015,2,Dinamarca,452,248,1159,1859,605,2.464
2015,2,Finlandia,619,477,25,1.121,2.127,3.248
2015,2,Suiza,178,63,13,254,94,348
2015,2,Austria,245,69,14,328,69,397
2015,2,Rusia,459,32,30,521,97,618
2015,2,Países del Este,318,34,16,368,101,469
2015,2,Resto de Europa,601,169,18,788,359,1.147
2015,2,USA,53,11,8,72,23,95
2015,2,Resto de América,152,28,4,184,42,226
2015,2,Resto del Mundo,477,82,2,561,195,756
2015,2,TOTAL,31778,7386,1957,41121,13211,54332
2015,3,España,15.579,2.103,1.239,18.921,4.803,23.724
2015,3,Holanda,232,51,12,295,203,498
2015,3,Bélgica,91,23,20,134,57,191
2015,3,Alemania,13.012,2.148,346,15.506,2.988,18.494
2015,3,Francia,929,252,55,1.236,305,1.541
2015,3,Reino Unido,3.683,655,109,4.447,724,5.171
2015,3,Irlanda,95,104,4,203,69,272
2015,3,Italia,196,168,59,423,251,674
2015,3,Suecia,820,260,6,1086,850,1936
2015,3,Noruega,279,128,5,412,427,839
2015,3,Dinamarca,371,148,11,530,578,1108
2015,3,Finlandia,821,303,18,1142,2008,3150
2015,3,Suiza,226,70,11,307,68,375
2015,3,Austria,275,62,10,347,65,412
2015,3,Rusia,95,33,29,157,82,239
2015,3,Países del Este,305,39,25,369,144,513
2015,3,Resto de Europa,752,173,56,981,390,1.371
2015,3,USA,48,12,14,74,19,93
2015,3,Resto de América,98,28,8,134,76,210
2015,3,Resto del Mundo,212,62,14,288,136,424
2015,3,TOTAL,38119,6822,2051,46992,14243,61235
2015,4,España,18.696,2.926,1105,22.727,7.931,30.658
2015,4,Holanda,104,27,14,145,197,342
2015,4,Bélgica,143,39,10,192,30,222
2015,4,Alemania,9.682,1.619,86,11.387,2.020,13.407
2015,4,Francia,948,191,96,1.235,397,1.632
2015,4,Reino Unido,1.944,350,39,2.333,388,2.721
2015,4,Irlanda,76,46,8,130,58,188
2015,4,Italia,206,160,59,425,208,633
2015,4,Suecia,231,79,5,315,284,599
2015,4,Noruega,101,17,7,125,105,230
2015,4,Dinamarca,88,25,2,115,178,293
2015,4,Finlandia,224,91,13,328,508,836
2015,4,Suiza,286,42,14,342,100,442
2015,4,Austria,277,68,2,347,62,409
2015,4,Rusia,231,66,14,311,105,416
2015,4,Países del Este,413,69,42,524,108,632
2015,4,Resto de Europa,616,155,7,778,288,1.066
2015,4,USA,52,17,0,69,21,90
2015,4,Resto de América,84,39,11,134,76,210
2015,4,Resto del Mundo,191,121,6,318,126,444
2015,4,TOTAL,34593,6147,1540,42280,13190,55470
2015,5,España,22172,3653,595,26420,10767,37187
2015,5,Holanda,144,42,7,193,252,445
2015,5,Bélgica,89,48,0,137,28,165
2015,5,Alemania,8131,1165,47,9343,2256,11599
2015,5,Francia,1292,313,52,1657,401,2058
2015,5,Reino Unido,1809,432,11,2252,703,2955
2015,5,Irlanda,55,34,8,97,66,163
2015,5,Italia,232,187,37,456,508,964
2015,5,Suecia,45,9,0,54,24,78
2015,5,Noruega,20,2,0,22,48,70
2015,5,Dinamarca,11,0,0,11,69,80
2015,5,Finlandia,47,9,14,70,81,151
2015,5,Suiza,250,76,3,329,119,448
2015,5,Austria,226,54,1,281,116,397
2015,5,Rusia,143,95,22,260,249,509
2015,5,Países del Este,237,81,17,335,147,482
2015,5,Resto de Europa,652,174,5,831,554,1385
2015,5,USA,55,6,4,65,32,97
2015,5,Resto de América,98,118,4,220,154,374
2015,5,Resto del Mundo,171,143,10,324,279,603
2015,5,TOTAL,35879,6641,837,43357,16853,60210
2015,6,España,24514,2957,871,28342,12295,40637
2015,6,Holanda,165,39,6,210,201,411
2015,6,Bélgica,153,37,3,193,31,224
2015,6,Alemania,7737,1200,30,8967,2052,11019
2015,6,Francia,1040,145,23,1208,201,1409
2015,6,Reino Unido,1882,411,11,2304,703,3007
2015,6,Irlanda,106,48,2,156,149,305
2015,6,Italia,218,176,41,435,393,828
2015,6,Suecia,5,7,1,13,16,29
2015,6,Noruega,22,7,3,32,31,63
2015,6,Dinamarca,52,6,0,58,96,154
2015,6,Finlandia,24,4,0,28,37,65
2015,6,Suiza,143,45,10,198,51,249
2015,6,Austria,193,39,0,232,69,301
2015,6,Rusia,180,45,22,247,268,515
2015,6,Países del Este,482,106,9,597,309,906
2015,6,Resto de Europa,953,151,13,1117,617,1734
2015,6,USA,108,8,3,119,24,143
2015,6,Resto de América,78,42,0,120,113,233
2015,6,Resto del Mundo,125,111,6,242,235,477
2015,6,TOTAL,38180,5584,1054,44818,17891,62709
2015,7,España,25106,5071,1247,31424,12761,44185
2015,7,Holanda,276,118,10,404,454,858
2015,7,Bélgica,147,30,4,181,113,294
2015,7,Alemania,8904,1304,54,10262,2222,12484
2015,7,Francia,2056,130,36,2222,374,2596
2015,7,Reino Unido,3254,445,15,3714,1061,4775
2015,7,Irlanda,100,28,3,131,114,245
2015,7,Italia,254,216,48,518,403,921
2015,7,Suecia,36,10,4,50,71,121
2015,7,Noruega,47,15,0,62,38,100
2015,7,Dinamarca,217,11,3,231,129,360
2015,7,Finlandia,6,6,7,19,28,47
2015,7,Suiza,278,21,1,300,98,398
2015,7,Austria,328,57,0,385,109,494
2015,7,Rusia,197,87,14,298,283,581
2015,7,Países del Este,614,166,12,792,251,1043
2015,7,Resto de Europa,1691,187,5,1883,524,2407
2015,7,USA,44,6,0,50,28,78
2015,7,Resto de América,112,56,8,176,183,359
2015,7,Resto del Mundo,174,114,5,293,289,582
2015,7,TOTAL,43841,8078,1476,53395,19533,72928
2015,8,España,30720,4864,1642,37226,14477,51703
2015,8,Holanda,268,139,5,412,212,624
2015,8,Bélgica,55,21,4,80,54,134
2015,8,Alemania,8686,1341,66,10093,2861,12954
2015,8,Francia,2140,182,77,2399,552,2951
2015,8,Reino Unido,3609,649,36,4294,1092,5386
2015,8,Irlanda,87,52,6,145,133,278
2015,8,Italia,393,407,112,912,662,1574
2015,8,Suecia,16,11,1,28,15,43
2015,8,Noruega,4,27,0,31,21,52
2015,8,Dinamarca,53,30,0,83,88,171
2015,8,Finlandia,8,8,3,19,13,32
2015,8,Suiza,199,46,1,246,40,286
2015,8,Austria,343,66,13,422,117,539
2015,8,Rusia,215,92,14,321,150,471
2015,8,Países del Este,486,236,37,759,174,933
2015,8,Resto de Europa,1373,166,25,1564,666,2230
2015,8,USA,53,6,3,62,24,86
2015,8,Resto de América,103,58,2,163,173,336
2015,8,Resto del Mundo,255,126,0,381,283,664
2015,8,TOTAL,49066,8527,2047,59640,21807,81447
2015,9,España,23871,3083,913,27867,9883,37750
2015,9,Holanda,287,95,2,384,157,541
2015,9,Bélgica,162,19,2,183,65,248
2015,9,Alemania,9164,1381,58,10603,2852,13455
2015,9,Francia,1519,162,40,1721,345,2066
2015,9,Reino Unido,3372,788,18,4178,1246,5424
2015,9,Irlanda,131,44,7,182,139,321
2015,9,Italia,341,205,53,599,423,1022
2015,9,Suecia,15,18,5,38,23,61
2015,9,Noruega,10,9,4,23,51,74
2015,9,Dinamarca,56,8,0,64,190,254
2015,9,Finlandia,7,6,12,25,54,79
2015,9,Suiza,213,43,6,262,82,344
2015,9,Austria,283,81,0,364,126,490
2015,9,Rusia,250,97,9,356,277,633
2015,9,Países del Este,623,254,55,932,249,1181
2015,9,Resto de Europa,1627,157,5,1789,639,2428
2015,9,USA,57,29,7,93,33,126
2015,9,Resto de América,105,72,8,185,142,327
2015,9,Resto del Mundo,185,104,17,306,355,661
2015,9,TOTAL,42278,6655,1221,50154,17331,67485
2015,10,España,19359,2506,1107,22972,8204,31176
2015,10,Holanda,258,78,7,343,183,526
2015,10,Bélgica,143,25,12,180,65,245
2015,10,Alemania,9642,1378,73,11093,3081,14174
2015,10,Francia,1858,159,69,2086,456,2542
2015,10,Reino Unido,4761,771,15,5547,1413,6960
2015,10,Irlanda,152,52,12,216,67,283
2015,10,Italia,307,169,68,544,398,942
2015,10,Suecia,248,99,10,357,344,701
2015,10,Noruega,83,25,0,108,165,273
2015,10,Dinamarca,211,37,0,248,227,475
2015,10,Finlandia,422,105,0,527,1445,1972
2015,10,Suiza,284,71,16,371,97,468
2015,10,Austria,262,64,0,326,112,438
2015,10,Rusia,343,78,50,471,275,746
2015,10,Países del Este,448,259,68,775,266,1041
2015,10,Resto de Europa,1734,286,46,2066,690,2756
2015,10,USA,73,19,12,104,26,130
2015,10,Resto de América,116,52,5,173,124,297
2015,10,Resto del Mundo,203,96,45,344,224,568
2015,10,TOTAL,40907,6329,1615,48851,17862,66713
2015,11,España,13483,1953,1329,16765,4294,21059
2015,11,Holanda,252,58,25,335,129,464
2015,11,Bélgica,172,67,1,240,75,315
2015,11,Alemania,14502,2534,94,17130,3302,20432
2015,11,Francia,524,188,62,774,225,999
2015,11,Reino Unido,4470,1061,60,5591,1321,6912
2015,11,Irlanda,171,51,16,238,77,315
2015,11,Italia,326,180,99,605,261,866
2015,11,Suecia,1041,195,25,1261,709,1970
2015,11,Noruega,221,99,7,327,348,675
2015,11,Dinamarca,246,83,2,331,345,676
2015,11,Finlandia,749,282,28,1059,1946,3005
2015,11,Suiza,256,97,18,371,153,524
2015,11,Austria,285,101,8,394,122,516
2015,11,Rusia,289,71,41,401,154,555
2015,11,Países del Este,459,152,60,671,169,840
2015,11,Resto de Europa,898,220,61,1179,573,1752
2015,11,USA,127,23,22,172,20,192
2015,11,Resto de América,66,42,18,126,88,214
2015,11,Resto del Mundo,111,62,34,207,136,343
2015,11,TOTAL,38648,7519,2010,48177,14447,62624
2015,12,España,15316,1915,1004,18235,4209,22444
2015,12,Holanda,168,56,14,238,231,469
2015,12,Bélgica,114,24,11,149,82,231
2015,12,Alemania,10463,1973,142,12578,3395,15973
2015,12,Francia,737,159,42,938,355,1293
2015,12,Reino Unido,3499,860,80,4439,1193,5632
2015,12,Irlanda,111,59,12,182,103,285
2015,12,Italia,296,199,81,576,394,970
2015,12,Suecia,834,229,19,1082,725,1807
2015,12,Noruega,214,96,8,318,355,673
2015,12,Dinamarca,479,119,4,602,527,1129
2015,12,Finlandia,770,305,17,1092,2396,3488
2015,12,Suiza,307,80,15,402,143,545
2015,12,Austria,252,113,15,380,122,502
2015,12,Rusia,244,49,11,304,129,433
2015,12,Países del Este,564,211,74,849,195,1044
2015,12,Resto de Europa,1099,279,29,1407,604,2011
2015,12,USA,64,21,10,95,23,118
2015,12,Resto de América,54,53,1,108,83,191
2015,12,Resto del Mundo,169,77,9,255,256,511
2015,12,TOTAL,35754,6877,1598,44229,15520,59749
2015,13,España,233405,34226,11611,279242,96186,375428
2015,13,Holanda,2331,810,141,3282,2647,5929
2015,13,Bélgica,1458,397,82,1937,725,2662
2015,13,Alemania,124859,20589,1288,146736,33250,179986
2015,13,Francia,14629,2301,674,17604,4153,21757
2015,13,Reino Unido,37505,7765,520,45790,11911,57701
2015,13,Irlanda,1269,722,92,2083,1137,3220
2015,13,Italia,3236,2441,738,6415,4466,10881
2015,13,Suecia,4254,1723,96,6073,4888,10961
2015,13,Noruega,1400,917,61,2378,2466,4844
2015,13,Dinamarca,2615,855,2479,5949,3685,9634
2015,13,Finlandia,4405,2042,165,6612,13638,20250
2015,13,Suiza,2797,700,117,3614,1139,4753
2015,13,Austria,3231,924,65,4220,1217,5437
2015,13,Rusia,3135,796,258,4189,2333,6522
2015,13,Países del Este,5387,1670,436,7493,2193,9686
2015,13,Resto de Europa,12531,2223,285,15039,6407,21446
2015,13,USA,777,167,83,1027,308,1335
2015,13,Resto de América,1112,619,73,1804,1324,3128
2015,13,Resto del Mundo,2376,1158,151,3685,2667,6352
2015,13,TOTAL,462712,83045,19415,565172,196740,761912
2016,1,España,12141,1662,1539,15342,3732,19074
2016,1,Holanda,146,71,16,233,166,399
2016,1,Bélgica,125,37,11,173,69,242
2016,1,Alemania,13287,2126,160,15573,3039,18612
2016,1,Francia,776,196,70,1042,235,1277
2016,1,Reino Unido,3505,918,90,4513,1305,5818
2016,1,Irlanda,137,104,15,256,101,357
2016,1,Italia,333,185,110,628,430,1058
2016,1,Suecia,1152,444,25,1621,1158,2779
2016,1,Noruega,162,156,11,329,567,896
2016,1,Dinamarca,500,157,9,666,657,1323
2016,1,Finlandia,877,474,37,1388,2911,4299
2016,1,Suiza,221,86,12,319,142,461
2016,1,Austria,284,113,9,406,170,576
2016,1,Rusia,231,68,50,349,219,568
2016,1,Países del Este,675,172,88,935,185,1120
2016,1,Resto de Europa,1243,252,31,1526,625,2151
2016,1,USA,41,29,2,72,44,116
2016,1,Resto de América,49,18,18,85,70,155
2016,1,Resto del Mundo,135,87,14,236,290,526
2016,1,TOTAL,36020,7355,2317,45692,16115,61807
2016,2,España,11867,2010,1182,15059,3181,18240
2016,2,Holanda,279,71,42,392,211,603
2016,2,Bélgica,131,59,7,197,108,305
2016,2,Alemania,13302,2586,197,16085,2932,19017
2016,2,Francia,1015,285,128,1428,322,1750
2016,2,Reino Unido,3994,1100,105,5199,1557,6756
2016,2,Irlanda,194,64,26,284,154,438
2016,2,Italia,288,240,93,621,351,972
2016,2,Suecia,1005,393,14,1412,1019,2431
2016,2,Noruega,218,106,12,336,367,703
2016,2,Dinamarca,533,147,28,708,602,1310
2016,2,Finlandia,730,434,30,1194,2400,3594
2016,2,Suiza,248,66,13,327,103,430
2016,2,Austria,282,85,36,403,99,502
2016,2,Rusia,177,43,5,225,128,353
2016,2,Países del Este,459,185,60,704,178,882
2016,2,Resto de Europa,1050,297,47,1394,657,2051
2016,2,USA,53,29,12,94,41,135
2016,2,Resto de América,38,63,15,116,89,205
2016,2,Resto del Mundo,731,82,32,845,199,1044
2016,2,TOTAL,36594,8345,2084,47023,14698,61721
2016,3,España,16995,2784,1057,20836,7325,28161
2016,3,Holanda,178,34,13,225,155,380
2016,3,Bélgica,162,32,5,199,72,271
2016,3,Alemania,15371,2615,194,18180,3483,21663
2016,3,Francia,1082,153,100,1335,209,1544
2016,3,Reino Unido,4379,868,86,5333,1743,7076
2016,3,Irlanda,198,67,3,268,138,406
2016,3,Italia,335,224,90,649,257,906
2016,3,Suecia,931,193,8,1132,861,1993
2016,3,Noruega,178,52,9,239,298,537
2016,3,Dinamarca,513,104,12,629,528,1157
2016,3,Finlandia,897,277,31,1205,2211,3416
2016,3,Suiza,276,63,14,353,138,491
2016,3,Austria,300,59,8,367,110,477
2016,3,Rusia,144,42,35,221,112,333
2016,3,Países del Este,606,229,89,924,200,1124
2016,3,Resto de Europa,1168,420,39,1627,557,2184
2016,3,USA,75,33,20,128,52,180
2016,3,Resto de América,97,43,5,145,111,256
2016,3,Resto del Mundo,306,83,15,404,138,542
2016,3,TOTAL,44191,8375,1833,54399,18698,73097
2016,4,España,20611,3368,1202,25181,9775,34956
2016,4,Holanda,314,74,13,401,185,586
2016,4,Bélgica,304,27,7,338,27,365
2016,4,Alemania,12068,2611,74,14753,2636,17389
2016,4,Francia,1630,225,66,1921,593,2514
2016,4,Reino Unido,3338,461,33,3832,1119,4951
2016,4,Irlanda,106,47,0,153,50,203
2016,4,Italia,322,181,67,570,319,889
2016,4,Suecia,257,96,5,358,353,711
2016,4,Noruega,60,30,1,91,128,219
2016,4,Dinamarca,137,28,4,169,220,389
2016,4,Finlandia,256,58,10,324,647,971
2016,4,Suiza,329,105,21,455,116,571
2016,4,Austria,273,62,12,347,85,432
2016,4,Rusia,191,61,17,269,177,446
2016,4,Países del Este,425,191,91,707,233,940
2016,4,Resto de Europa,888,319,30,1237,396,1633
2016,4,USA,135,27,3,165,54,219
2016,4,Resto de América,147,42,11,200,152,352
2016,4,Resto del Mundo,309,70,11,390,138,528
2016,4,TOTAL,42100,8083,1678,51861,17403,69264
2016,5,España,24179,4798,1158,30135,12151,42286
2016,5,Holanda,239,70,12,321,127,448
2016,5,Bélgica,151,38,5,194,71,265
2016,5,Alemania,10299,1550,103,11952,2723,14675
2016,5,Francia,990,121,90,1201,326,1527
2016,5,Reino Unido,2701,378,59,3138,1013,4151
2016,5,Irlanda,70,11,10,91,89,180
2016,5,Italia,285,192,117,594,444,1038
2016,5,Suecia,27,10,1,38,41,79
2016,5,Noruega,7,13,3,23,34,57
2016,5,Dinamarca,34,0,5,39,66,105
2016,5,Finlandia,10,1,5,16,65,81
2016,5,Suiza,314,61,15,390,100,490
2016,5,Austria,198,38,1,237,84,321
2016,5,Rusia,251,46,22,319,194,513
2016,5,Países del Este,358,199,109,666,261,927
2016,5,Resto de Europa,882,243,16,1141,512,1653
2016,5,USA,87,9,14,110,70,180
2016,5,Resto de América,63,120,12,195,132,327
2016,5,Resto del Mundo,515,80,25,620,133,753
2016,5,TOTAL,41660,7978,1782,51420,18636,70056
2016,6,España,23853,3840,1080,28773,12823,41596
2016,6,Holanda,328,72,0,400,143,543
2016,6,Bélgica,137,51,1,189,41,230
2016,6,Alemania,10766,1867,85,12718,2801,15519
2016,6,Francia,743,102,39,884,246,1130
2016,6,Reino Unido,3299,445,30,3774,1179,4953
2016,6,Irlanda,92,46,6,144,136,280
2016,6,Italia,324,173,48,545,378,923
2016,6,Suecia,42,32,0,74,43,117
2016,6,Noruega,32,8,0,40,30,70
2016,6,Dinamarca,25,3,0,28,43,71
2016,6,Finlandia,11,11,6,28,18,46
2016,6,Suiza,290,85,7,382,143,525
2016,6,Austria,194,43,1,238,84,322
2016,6,Rusia,197,44,12,253,225,478
2016,6,Países del Este,769,243,33,1045,276,1321
2016,6,Resto de Europa,1226,363,22,1611,548,2159
2016,6,USA,55,15,2,72,62,134
2016,6,Resto de América,100,56,7,163,137,300
2016,6,Resto del Mundo,483,82,37,602,131,733
2016,6,TOTAL,42966,7581,1416,51963,19487,71450
2016,7,España,24188,5696,1418,31302,15799,47101
2016,7,Holanda,669,84,9,762,367,1129
2016,7,Bélgica,397,264,12,673,119,792
2016,7,Alemania,11071,1926,55,13052,3228,16280
2016,7,Francia,1329,189,100,1618,597,2215
2016,7,Reino Unido,4846,692,58,5596,2238,7834
2016,7,Irlanda,186,106,0,292,271,563
2016,7,Italia,463,186,70,719,514,1233
2016,7,Suecia,25,6,0,31,74,105
2016,7,Noruega,47,7,10,64,30,94
2016,7,Dinamarca,136,7,0,143,128,271
2016,7,Finlandia,7,13,4,24,39,63
2016,7,Suiza,496,87,22,605,203,808
2016,7,Austria,384,45,5,434,115,549
2016,7,Rusia,323,61,17,401,265,666
2016,7,Países del Este,1292,284,57,1633,392,2025
2016,7,Resto de Europa,1860,644,19,2523,866,3389
2016,7,USA,94,26,1,121,78,199
2016,7,Resto de América,110,89,15,214,176,390
2016,7,Resto del Mundo,762,76,13,851,198,1049
2016,7,TOTAL,48685,10488,1885,61058,25697,86755
2016,8,España,31439,4223,1562,37224,14267,51491
2016,8,Holanda,689,171,4,864,335,1199
2016,8,Bélgica,213,243,16,472,112,584
2016,8,Alemania,10143,1966,72,12181,3477,15658
2016,8,Francia,1133,201,101,1435,684,2119
2016,8,Reino Unido,5547,721,61,6329,2678,9007
2016,8,Irlanda,171,154,3,328,331,659
2016,8,Italia,458,344,82,884,738,1622
2016,8,Suecia,13,4,0,17,10,27
2016,8,Noruega,4,11,6,21,26,47
2016,8,Dinamarca,86,11,1,98,70,168
2016,8,Finlandia,10,3,0,13,20,33
2016,8,Suiza,187,97,9,293,93,386
2016,8,Austria,245,44,11,300,90,390
2016,8,Rusia,238,53,20,311,240,551
2016,8,Países del Este,1008,448,53,1509,281,1790
2016,8,Resto de Europa,2018,801,44,2863,1008,3871
2016,8,USA,50,20,2,72,54,126
2016,8,Resto de América,56,68,15,139,180,319
2016,8,Resto del Mundo,521,86,20,627,238,865
2016,8,TOTAL,54229,9669,2082,65980,24932,90912
2016,9,España,23451,3234,1299,27984,10840,38824
2016,9,Holanda,413,81,17,511,189,700
2016,9,Bélgica,372,250,1,623,122,745
2016,9,Alemania,11709,2160,77,13946,3483,17429
2016,9,Francia,751,157,43,951,469,1420
2016,9,Reino Unido,5978,694,60,6732,2879,9611
2016,9,Irlanda,180,150,6,336,331,667
2016,9,Italia,328,174,89,591,676,1267
2016,9,Suecia,7,9,10,26,41,67
2016,9,Noruega,20,7,1,28,90,118
2016,9,Dinamarca,65,6,3,74,90,164
2016,9,Finlandia,5,4,4,13,103,116
2016,9,Suiza,226,94,10,330,136,466
2016,9,Austria,258,68,6,332,103,435
2016,9,Rusia,311,110,16,437,305,742
2016,9,Países del Este,842,619,40,1501,398,1899
2016,9,Resto de Europa,1569,731,23,2323,1273,3596
2016,9,USA,76,13,7,96,59,155
2016,9,Resto de América,85,125,15,225,166,391
2016,9,Resto del Mundo,338,79,0,417,218,635
2016,9,TOTAL,46984,8765,1727,57476,21971,79447
2016,10,España,19227,3616,1403,24246,7861,32107
2016,10,Holanda,348,153,8,509,181,690
2016,10,Bélgica,357,240,16,613,74,687
2016,10,Alemania,11918,1945,88,13951,3598,17549
2016,10,Francia,813,182,68,1063,492,1555
2016,10,Reino Unido,6067,596,42,6705,2241,8946
2016,10,Irlanda,172,57,11,240,192,432
2016,10,Italia,283,163,85,531,475,1006
2016,10,Suecia,560,144,9,713,742,1455
2016,10,Noruega,165,80,6,251,517,768
2016,10,Dinamarca,127,94,3,224,431,655
2016,10,Finlandia,447,91,1,539,1777,2316
2016,10,Suiza,469,113,10,592,203,795
2016,10,Austria,340,96,5,441,88,529
2016,10,Rusia,363,104,42,509,322,831
2016,10,Países del Este,905,381,50,1336,415,1751
2016,10,Resto de Europa,1289,852,59,2200,948,3148
2016,10,USA,72,10,8,90,41,131
2016,10,Resto de América,99,85,16,200,103,303
2016,10,Resto del Mundo,425,66,9,500,232,732
2016,10,TOTAL,44446,9068,1939,55453,20933,76386
2016,11,España,15996,2700,1326,20022,4466,24488
2016,11,Holanda,422,104,9,535,131,666
2016,11,Bélgica,511,77,10,598,93,691
2016,11,Alemania,13938,2686,141,16765,3453,20218
2016,11,Francia,505,228,52,785,235,1020
2016,11,Reino Unido,4084,654,120,4858,1515,6373
2016,11,Irlanda,128,86,5,219,131,350
2016,11,Italia,279,202,79,560,256,816
2016,11,Suecia,1017,335,31,1383,1018,2401
2016,11,Noruega,358,116,10,484,521,1005
2016,11,Dinamarca,372,95,5,472,733,1205
2016,11,Finlandia,1129,309,22,1460,3102,4562
2016,11,Suiza,432,81,21,534,180,714
2016,11,Austria,286,96,3,385,155,540
2016,11,Rusia,175,90,32,297,212,509
2016,11,Países del Este,462,206,67,735,229,964
2016,11,Resto de Europa,1128,622,67,1817,836,2653
2016,11,USA,105,13,1,119,23,142
2016,11,Resto de América,119,53,0,172,72,244
2016,11,Resto del Mundo,448,58,9,515,133,648
2016,11,TOTAL,41894,8811,2010,52715,17494,70209
2016,12,España,15327,2221,1354,18902,4690,23592
2016,12,Holanda,282,102,18,402,206,608
2016,12,Bélgica,270,51,5,326,94,420
2016,12,Alemania,11023,2227,119,13369,3611,16980
2016,12,Francia,606,147,49,802,353,1155
2016,12,Reino Unido,4332,668,117,5117,1870,6987
2016,12,Irlanda,137,73,7,217,158,375
2016,12,Italia,392,215,59,666,407,1073
2016,12,Suecia,862,304,12,1178,1017,2195
2016,12,Noruega,191,116,14,321,583,904
2016,12,Dinamarca,370,145,8,523,535,1058
2016,12,Finlandia,733,271,25,1029,2457,3486
2016,12,Suiza,315,92,16,423,193,616
2016,12,Austria,310,113,11,434,224,658
2016,12,Rusia,269,53,5,327,187,514
2016,12,Países del Este,556,185,65,806,320,1126
2016,12,Resto de Europa,1153,463,31,1647,895,2542
2016,12,USA,115,20,14,149,50,199
2016,12,Resto de América,46,48,4,98,70,168
2016,12,Resto del Mundo,430,92,18,540,229,769
2016,12,TOTAL,37719,7606,1951,47276,18149,65425
2016,13,España,239274,40152,15580,295006,106910,401916
2016,13,Holanda,4307,1087,161,5555,2396,7951
2016,13,Bélgica,3130,1369,96,4595,1002,5597
2016,13,Alemania,144895,26265,1365,172525,38464,210989
2016,13,Francia,11373,2186,906,14465,4761,19226
2016,13,Reino Unido,52070,8195,861,61126,21337,82463
2016,13,Irlanda,1771,965,92,2828,2082,4910
2016,13,Italia,4090,2479,989,7558,5245,12803
2016,13,Suecia,5898,1970,115,7983,6377,14360
2016,13,Noruega,1442,702,83,2227,3191,5418
2016,13,Dinamarca,2898,797,78,3773,4103,7876
2016,13,Finlandia,5112,1946,175,7233,15750,22983
2016,13,Suiza,3803,1030,170,5003,1750,6753
2016,13,Austria,3354,862,108,4324,1407,5731
2016,13,Rusia,2870,775,273,3918,2586,6504
2016,13,Países del Este,8357,3342,802,12501,3368,15869
2016,13,Resto de Europa,15474,6007,428,21909,9121,31030
2016,13,USA,958,244,86,1288,628,1916
2016,13,Resto de América,1009,810,133,1952,1458,3410
2016,13,Resto del Mundo,5403,941,203,6547,2277,8824
2016,13,TOTAL,517488,102124,22704,642316,234213,876529
2017,1,España,12601,2378,1260,16239,2924,19163
2017,1,Holanda,281,142,25,448,146,594
2017,1,Bélgica,347,82,6,435,118,553
2017,1,Alemania,12594,2546,129,15269,2979,18248
2017,1,Francia,627,256,68,951,293,1244
2017,1,Reino Unido,4351,816,136,5303,1764,7067
2017,1,Irlanda,190,68,8,266,130,396
2017,1,Italia,381,255,107,743,460,1203
2017,1,Suecia,1105,536,31,1672,1318,2990
2017,1,Noruega,316,170,19,505,696,1201
2017,1,Dinamarca,810,219,13,1042,805,1847
2017,1,Finlandia,892,454,41,1387,2832,4219
2017,1,Suiza,304,108,2,414,199,613
2017,1,Austria,432,132,1,565,171,736
2017,1,Rusia,270,86,41,397,224,621
2017,1,Países del Este,574,246,68,888,230,1118
2017,1,Resto de Europa,1017,392,39,1448,672,2120
2017,1,USA,79,15,1,95,28,123
2017,1,Resto de América,130,59,4,193,79,272
2017,1,Resto del Mundo,401,89,10,500,137,637
2017,1,TOTAL,37702,9049,2009,48760,16205,64965
2017,2,España,12337,2384,1127,15848,3113,18961
2017,2,Holanda,316,213,16,545,197,742
2017,2,Bélgica,340,43,10,393,90,483
2017,2,Alemania,11846,2275,151,14272,2576,16848
2017,2,Francia,1147,307,59,1513,523,2036
2017,2,Reino Unido,4759,1296,130,6185,1923,8108
2017,2,Irlanda,149,57,4,210,135,345
2017,2,Italia,404,216,68,688,300,988
2017,2,Suecia,1209,374,14,1597,890,2487
2017,2,Noruega,295,100,4,399,508,907
2017,2,Dinamarca,842,121,5,968,679,1647
2017,2,Finlandia,833,346,11,1190,2271,3461
2017,2,Suiza,349,91,10,450,103,553
2017,2,Austria,371,102,12,485,142,627
2017,2,Rusia,152,52,12,216,118,334
2017,2,Países del Este,550,211,52,813,192,1005
2017,2,Resto de Europa,1488,430,42,1960,759,2719
2017,2,USA,113,25,3,141,43,184
2017,2,Resto de América,71,65,1,137,55,192
2017,2,Resto del Mundo,757,59,18,834,147,981
2017,2,TOTAL,38328,8767,1749,48844,14764,63608
2017,3,España,16128,3230,864,20222,5020,25242
2017,3,Holanda,356,95,17,468,183,651
2017,3,Bélgica,431,78,13,522,80,602
2017,3,Alemania,13356,2593,202,16151,3185,19336
2017,3,Francia,1213,299,78,1590,400,1990
2017,3,Reino Unido,6025,1313,136,7474,2382,9856
2017,3,Irlanda,167,64,7,238,174,412
2017,3,Italia,362,236,78,676,325,1001
2017,3,Suecia,882,312,11,1205,851,2056
2017,3,Noruega,296,111,5,412,508,920
2017,3,Dinamarca,611,101,7,719,620,1339
2017,3,Finlandia,818,255,25,1098,2278,3376
2017,3,Suiza,313,79,0,392,99,491
2017,3,Austria,275,110,8,393,95,488
2017,3,Rusia,242,74,30,346,204,550
2017,3,Países del Este,524,230,69,823,337,1160
2017,3,Resto de Europa,1292,589,80,1961,831,2792
2017,3,USA,231,64,7,302,67,369
2017,3,Resto de América,54,53,7,114,121,235
2017,3,Resto del Mundo,370,113,13,496,169,665
2017,3,TOTAL,43946,9999,1657,55602,17929,73531
2017,4,España,22734,5482,1142,29358,10721,40079
2017,4,Holanda,458,96,5,559,301,860
2017,4,Bélgica,582,89,12,683,73,756
2017,4,Alemania,10756,1735,58,12549,2404,14953
2017,4,Francia,2042,293,104,2439,718,3157
2017,4,Reino Unido,4800,952,69,5821,2042,7863
2017,4,Irlanda,137,49,0,186,164,350
2017,4,Italia,367,119,80,566,355,921
2017,4,Suecia,498,101,7,606,533,1139
2017,4,Noruega,172,15,8,195,204,399
2017,4,Dinamarca,155,17,0,172,295,467
2017,4,Finlandia,513,62,7,582,1068,1650
2017,4,Suiza,450,71,2,523,149,672
2017,4,Austria,409,47,1,457,115,572
2017,4,Rusia,252,71,19,342,215,557
2017,4,Países del Este,536,249,41,826,334,1160
2017,4,Resto de Europa,1321,402,31,1754,600,2354
2017,4,USA,114,43,10,167,55,222
2017,4,Resto de América,113,63,7,183,81,264
2017,4,Resto del Mundo,534,92,5,631,215,846
2017,4,TOTAL,46943,10048,1608,58599,20642,79241
2017,5,España,25153,5715,1153,32021,12671,44692
2017,5,Holanda,281,94,5,380,254,634
2017,5,Bélgica,479,84,0,563,85,648
2017,5,Alemania,9342,1504,52,10898,2417,13315
2017,5,Francia,973,244,62,1279,538,1817
2017,5,Reino Unido,3030,697,32,3759,1826,5585
2017,5,Irlanda,100,68,2,170,215,385
2017,5,Italia,491,211,36,738,363,1101
2017,5,Suecia,73,18,1,92,43,135
2017,5,Noruega,51,6,0,57,40,97
2017,5,Dinamarca,58,20,0,78,30,108
2017,5,Finlandia,8,6,6,20,39,59
2017,5,Suiza,486,47,3,536,140,676
2017,5,Austria,277,67,0,344,105,449
2017,5,Rusia,193,111,25,329,324,653
2017,5,Países del Este,525,241,61,827,463,1290
2017,5,Resto de Europa,1167,488,31,1686,819,2505
2017,5,USA,152,36,0,188,90,278
2017,5,Resto de América,97,75,10,182,238,420
2017,5,Resto del Mundo,468,52,9,529,130,659
2017,5,TOTAL,43404,9784,1488,54676,20830,75506
2017,6,España,27815,6156,1525,35496,16338,51834
2017,6,Holanda,323,111,12,446,152,598
2017,6,Bélgica,619,112,7,738,142,880
2017,6,Alemania,10322,1527,49,11898,2939,14837
2017,6,Francia,889,148,37,1074,417,1491
2017,6,Reino Unido,4351,665,73,5089,1732,6821
2017,6,Irlanda,166,121,15,302,346,648
2017,6,Italia,382,235,49,666,488,1154
2017,6,Suecia,34,39,5,78,38,116
2017,6,Noruega,50,5,3,58,109,167
2017,6,Dinamarca,52,14,0,66,144,210
2017,6,Finlandia,29,15,2,46,17,63
2017,6,Suiza,264,43,8,315,111,426
2017,6,Austria,252,81,0,333,109,442
2017,6,Rusia,330,74,13,417,229,646
2017,6,Países del Este,1149,294,57,1500,617,2117
2017,6,Resto de Europa,1382,533,13,1928,954,2882
2017,6,USA,131,12,10,153,24,177
2017,6,Resto de América,90,63,8,161,171,332
2017,6,Resto del Mundo,559,58,5,622,222,844
2017,6,TOTAL,49189,10306,1891,61386,25299,86685
2017,7,España,29787,4967,1573,36327,14342,50669
2017,7,Holanda,702,314,7,1023,518,1541
2017,7,Bélgica,789,87,0,876,126,1002
2017,7,Alemania,8430,1820,39,10289,3106,13395
2017,7,Francia,1982,216,21,2219,695,2914
2017,7,Reino Unido,5608,1426,53,7087,2928,10015
2017,7,Irlanda,269,110,0,379,543,922
2017,7,Italia,476,330,61,867,580,1447
2017,7,Suecia,137,34,0,171,70,241
2017,7,Noruega,78,14,3,95,122,217
2017,7,Dinamarca,180,17,7,204,153,357
2017,7,Finlandia,11,3,2,16,23,39
2017,7,Suiza,407,82,9,498,184,682
2017,7,Austria,405,47,2,454,131,585
2017,7,Rusia,391,115,19,525,281,806
2017,7,Países del Este,1529,471,36,2036,440,2476
2017,7,Resto de Europa,2389,810,33,3232,1197,4429
2017,7,USA,188,15,2,205,56,261
2017,7,Resto de América,88,74,6,168,150,318
2017,7,Resto del Mundo,763,137,12,912,317,1229
2017,7,TOTAL,54609,11089,1885,67583,25962,93545
2017,8,España,30772,5053,1382,37207,15113,52320
2017,8,Holanda,736,311,5,1052,469,1521
2017,8,Bélgica,943,74,0,1017,115,1132
2017,8,Alemania,8386,2015,62,10463,3008,13471
2017,8,Francia,1967,273,72,2312,694,3006
2017,8,Reino Unido,5486,1115,100,6701,2706,9407
2017,8,Irlanda,291,201,0,492,561,1053
2017,8,Italia,580,411,66,1057,774,1831
2017,8,Suecia,39,18,1,58,34,92
2017,8,Noruega,38,12,7,57,61,118
2017,8,Dinamarca,95,35,0,130,87,217
2017,8,Finlandia,12,6,0,18,31,49
2017,8,Suiza,276,64,6,346,107,453
2017,8,Austria,369,48,3,420,144,564
2017,8,Rusia,333,76,6,415,266,681
2017,8,Países del Este,1220,294,30,1544,495,2039
2017,8,Resto de Europa,2569,754,22,3345,1179,4524
2017,8,USA,68,16,3,87,56,143
2017,8,Resto de América,105,57,6,168,187,355
2017,8,Resto del Mundo,1177,144,6,1327,264,1591
2017,8,TOTAL,55462,10977,1777,68216,26351,94567
2017,9,España,21190,4055,1608,26853,11862,38715
2017,9,Holanda,497,175,10,682,333,1015
2017,9,Bélgica,718,71,2,791,106,897
2017,9,Alemania,11787,2022,81,13890,3171,17061
2017,9,Francia,1300,209,56,1565,519,2084
2017,9,Reino Unido,5548,1364,81,6993,2996,9989
2017,9,Irlanda,322,123,9,454,453,907
2017,9,Italia,415,308,61,784,634,1418
2017,9,Suecia,67,24,0,91,72,163
2017,9,Noruega,39,56,0,95,106,201
2017,9,Dinamarca,129,11,2,142,108,250
2017,9,Finlandia,18,8,3,29,160,189
2017,9,Suiza,412,77,0,489,169,658
2017,9,Austria,365,76,3,444,103,547
2017,9,Rusia,353,130,30,513,310,823
2017,9,Países del Este,1189,467,55,1711,598,2309
2017,9,Resto de Europa,2390,779,40,3209,1270,4479
2017,9,USA,76,16,8,100,41,141
2017,9,Resto de América,67,78,8,153,190,343
2017,9,Resto del Mundo,992,79,13,1084,309,1393
2017,9,TOTAL,47874,10128,2070,60072,23510,83582
2017,10,España,20587,3976,1599,26162,8002,34164
2017,10,Holanda,601,209,14,824,454,1278
2017,10,Bélgica,587,102,7,696,137,833
2017,10,Alemania,11375,2075,64,13514,3102,16616
2017,10,Francia,1566,387,75,2028,530,2558
2017,10,Reino Unido,4577,988,63,5628,2176,7804
2017,10,Irlanda,286,125,0,411,310,721
2017,10,Italia,514,238,78,830,513,1343
2017,10,Suecia,621,228,6,855,830,1685
2017,10,Noruega,225,31,9,265,449,714
2017,10,Dinamarca,233,58,7,298,571,869
2017,10,Finlandia,742,197,13,952,2324,3276
2017,10,Suiza,497,144,6,647,197,844
2017,10,Austria,364,70,5,439,133,572
2017,10,Rusia,398,93,41,532,333,865
2017,10,Países del Este,909,331,35,1275,400,1675
2017,10,Resto de Europa,1763,605,31,2399,1162,3561
2017,10,USA,101,18,1,120,50,170
2017,10,Resto de América,216,88,20,324,167,491
2017,10,Resto del Mundo,810,94,5,909,169,1078
2017,10,TOTAL,46972,10057,2079,59108,22009,81117
2017,11,España,14011,3011,1177,18199,4165,22364
2017,11,Holanda,373,110,7,490,293,783
2017,11,Bélgica,670,62,8,740,92,832
2017,11,Alemania,15295,2718,124,18137,3578,21715
2017,11,Francia,751,186,63,1000,214,1214
2017,11,Reino Unido,4546,940,103,5589,1520,7109
2017,11,Irlanda,158,61,7,226,164,390
2017,11,Italia,450,188,66,704,243,947
2017,11,Suecia,1016,223,17,1256,809,2065
2017,11,Noruega,157,35,9,201,313,514
2017,11,Dinamarca,348,119,5,472,821,1293
2017,11,Finlandia,1121,272,25,1418,2731,4149
2017,11,Suiza,445,109,22,576,147,723
2017,11,Austria,409,106,9,524,153,677
2017,11,Rusia,253,78,46,377,163,540
2017,11,Países del Este,579,144,36,759,158,917
2017,11,Resto de Europa,1332,379,60,1771,723,2494
2017,11,USA,216,33,6,255,11,266
2017,11,Resto de América,121,27,24,172,78,250
2017,11,Resto del Mundo,503,62,8,573,76,649
2017,11,TOTAL,42754,8863,1822,53439,16452,69891
2017,12,España,14949,2614,1506,19069,4836,23905
2017,12,Holanda,358,106,13,477,262,739
2017,12,Bélgica,356,55,9,420,112,532
2017,12,Alemania,11701,2261,133,14095,3400,17495
2017,12,Francia,1203,208,63,1474,314,1788
2017,12,Reino Unido,4068,831,101,5000,1790,6790
2017,12,Irlanda,206,56,15,277,224,501
2017,12,Italia,502,166,66,734,331,1065
2017,12,Suecia,1027,285,25,1337,819,2156
2017,12,Noruega,217,121,5,343,390,733
2017,12,Dinamarca,386,122,4,512,645,1157
2017,12,Finlandia,941,277,19,1237,2419,3656
2017,12,Suiza,294,74,15,383,96,479
2017,12,Austria,342,87,3,432,127,559
2017,12,Rusia,267,75,23,365,143,508
2017,12,Países del Este,680,131,58,869,190,1059
2017,12,Resto de Europa,1278,279,24,1581,797,2378
2017,12,USA,103,18,4,125,42,167
2017,12,Resto de América,126,40,4,170,99,269
2017,12,Resto del Mundo,694,46,13,753,183,936
2017,12,TOTAL,39698,7852,2103,49653,17219,66872
2017,13,España,248064,49021,15916,313001,109107,422108
2017,13,Holanda,5282,1976,136,7394,3562,10956
2017,13,Bélgica,6861,939,74,7874,1276,9150
2017,13,Alemania,135190,25091,1144,161425,35865,197290
2017,13,Francia,15660,3026,758,19444,5855,25299
2017,13,Reino Unido,57149,12403,1077,70629,25785,96414
2017,13,Irlanda,2441,1103,67,3611,3419,7030
2017,13,Italia,5324,2913,816,9053,5366,14419
2017,13,Suecia,6708,2192,118,9018,6307,15325
2017,13,Noruega,1934,676,72,2682,3506,6188
2017,13,Dinamarca,3899,854,50,4803,4958,9761
2017,13,Finlandia,5938,1901,154,7993,16193,24186
2017,13,Suiza,4497,989,83,5569,1701,7270
2017,13,Austria,4270,973,47,5290,1528,6818
2017,13,Rusia,3434,1035,305,4774,2810,7584
2017,13,Países del Este,9964,3309,598,13871,4454,18325
2017,13,Resto de Europa,19388,6440,446,26274,10963,37237
2017,13,USA,1572,311,55,1938,563,2501
2017,13,Resto de América,1278,742,105,2125,1616,3741
2017,13,Resto del Mundo,8028,1025,117,9170,2338,11508
2017,13,TOTAL,546881,116919,22138,685938,247172,933110
2018,1,España,12935,2157,1528,16620,2837,19457
2018,1,Holanda,278,134,34,446,213,659
2018,1,Bélgica,463,61,8,532,59,591
2018,1,Alemania,12550,2262,170,14982,2937,17919
2018,1,Francia,688,228,66,982,255,1237
2018,1,Reino Unido,4654,889,147,5690,1417,7107
2018,1,Irlanda,226,78,18,322,159,481
2018,1,Italia,466,203,69,738,364,1102
2018,1,Suecia,1013,347,32,1392,1017,2409
2018,1,Noruega,259,82,21,362,395,757
2018,1,Dinamarca,454,121,12,587,723,1310
2018,1,Finlandia,1013,319,32,1364,2755,4119
2018,1,Suiza,283,85,17,385,195,580
2018,1,Austria,256,114,8,378,179,557
2018,1,Rusia,311,95,56,462,203,665
2018,1,Países del Este,447,165,66,678,261,939
2018,1,Resto de Europa,1232,219,29,1480,599,2079
2018,1,USA,109,24,8,141,37,178
2018,1,Resto de América,96,62,14,172,79,251
2018,1,Resto del Mundo,549,89,18,656,62,718
2018,1,TOTAL,38282,7734,2353,48369,14746,63115
2018,2,España,11808,1839,1107,14754,3127,17881
2018,2,Holanda,261,144,24,429,222,651
2018,2,Bélgica,303,55,7,365,63,428
2018,2,Alemania,11930,1951,149,14030,2685,16715
2018,2,Francia,1097,235,69,1401,526,1927
2018,2,Reino Unido,4505,767,112,5384,1474,6858
2018,2,Irlanda,139,98,9,246,168,414
2018,2,Italia,377,204,59,640,321,961
2018,2,Suecia,725,293,9,1027,894,1921
2018,2,Noruega,405,82,6,493,265,758
2018,2,Dinamarca,485,149,5,639,642,1281
2018,2,Finlandia,923,189,18,1130,2564,3694
2018,2,Suiza,252,71,10,333,89,422
2018,2,Austria,316,87,7,410,107,517
2018,2,Rusia,134,46,23,203,96,299
2018,2,Países del Este,440,107,35,582,223,805
2018,2,Resto de Europa,1263,349,25,1637,699,2336
2018,2,USA,92,20,22,134,49,183
2018,2,Resto de América,152,32,21,205,93,298
2018,2,Resto del Mundo,1243,83,13,1339,149,1488
2018,2,TOTAL,36850,6801,1730,45381,14456,59837
2018,3,España,18622,3880,1703,24205,7111,31316
2018,3,Holanda,360,194,13,567,319,886
2018,3,Bélgica,368,42,10,420,92,512
2018,3,Alemania,14585,2346,161,17092,3434,20526
2018,3,Francia,1225,225,59,1509,521,2030
2018,3,Reino Unido,4913,871,119,5903,1851,7754
2018,3,Irlanda,454,88,3,545,173,718
2018,3,Italia,517,133,75,725,314,1039
2018,3,Suecia,839,251,9,1099,931,2030
2018,3,Noruega,229,53,9,291,430,721
2018,3,Dinamarca,496,109,15,620,566,1186
2018,3,Finlandia,1271,291,9,1571,2646,4217
2018,3,Suiza,314,92,8,414,105,519
2018,3,Austria,425,59,4,488,105,593
2018,3,Rusia,241,78,22,341,182,523
2018,3,Países del Este,466,178,34,678,258,936
2018,3,Resto de Europa,1619,425,27,2071,805,2876
2018,3,USA,228,48,6,282,93,375
2018,3,Resto de América,201,49,9,259,97,356
2018,3,Resto del Mundo,823,70,25,918,150,1068
2018,3,TOTAL,48196,9482,2320,59998,20183,80181
2018,4,España,22184,5389,1053,28626,10109,38735
2018,4,Holanda,364,97,9,470,525,995
2018,4,Bélgica,391,38,4,433,91,524
2018,4,Alemania,10167,1680,54,11901,2234,14135
2018,4,Francia,2209,264,56,2529,1261,3790
2018,4,Reino Unido,3629,522,27,4178,1616,5794
2018,4,Irlanda,233,108,5,346,127,473
2018,4,Italia,594,156,46,796,332,1128
2018,4,Suecia,378,78,15,471,431,902
2018,4,Noruega,131,28,1,160,123,283
2018,4,Dinamarca,147,20,1,168,395,563
2018,4,Finlandia,353,60,1,414,607,1021
2018,4,Suiza,404,142,9,555,172,727
2018,4,Austria,431,58,0,489,103,592
2018,4,Rusia,287,70,36,393,222,615
2018,4,Países del Este,767,281,52,1100,348,1448
2018,4,Resto de Europa,1231,280,9,1520,460,1980
2018,4,USA,64,31,9,104,67,171
2018,4,Resto de América,157,143,2,302,108,410
2018,4,Resto del Mundo,741,94,9,844,140,984
2018,4,TOTAL,44862,9539,1398,55799,19471,75270
2018,5,España,25845,6657,1364,33866,11520,45386
2018,5,Holanda,295,73,3,371,383,754
2018,5,Bélgica,346,48,3,397,87,484
2018,5,Alemania,9874,1314,67,11255,2343,13598
2018,5,Francia,1537,227,40,1804,616,2420
2018,5,Reino Unido,2358,414,45,2817,1203,4020
2018,5,Irlanda,312,92,5,409,161,570
2018,5,Italia,364,160,50,574,375,949
2018,5,Suecia,43,21,2,66,28,94
2018,5,Noruega,29,23,0,52,47,99
2018,5,Dinamarca,28,15,2,45,104,149
2018,5,Finlandia,33,12,5,50,83,133
2018,5,Suiza,335,74,5,414,77,491
2018,5,Austria,2318,37,1,2356,60,2416
2018,5,Rusia,218,62,13,293,276,569
2018,5,Países del Este,764,259,23,1046,326,1372
2018,5,Resto de Europa,1443,286,12,1741,458,2199
2018,5,USA,66,25,15,106,43,149
2018,5,Resto de América,109,69,5,183,168,351
2018,5,Resto del Mundo,671,84,10,765,235,1000
2018,5,TOTAL,46988,9952,1670,58610,18593,77203
2018,6,España,25594,6148,1504,33246,14167,47413
2018,6,Holanda,426,113,5,544,357,901
2018,6,Bélgica,451,44,1,496,41,537
2018,6,Alemania,11726,1303,57,13086,2419,15505
2018,6,Francia,1386,133,21,1540,601,2141
2018,6,Reino Unido,3205,459,90,3754,1350,5104
2018,6,Irlanda,207,105,0,312,264,576
2018,6,Italia,462,175,41,678,413,1091
2018,6,Suecia,49,23,7,79,108,187
2018,6,Noruega,47,19,1,67,99,166
2018,6,Dinamarca,28,6,0,34,96,130
2018,6,Finlandia,23,11,8,42,57,99
2018,6,Suiza,294,76,11,381,95,476
2018,6,Austria,981,56,3,1040,61,1101
2018,6,Rusia,292,50,14,356,264,620
2018,6,Países del Este,980,282,25,1287,407,1694
2018,6,Resto de Europa,1723,197,23,1943,689,2632
2018,6,USA,90,14,3,107,25,132
2018,6,Resto de América,128,70,7,205,155,360
2018,6,Resto del Mundo,684,78,13,775,146,921
2018,6,TOTAL,48776,9362,1834,59972,21814,81786
2018,7,España,29194,5539,1420,36153,14981,51134
2018,7,Holanda,1041,275,9,1325,759,2084
2018,7,Bélgica,646,51,9,706,87,793
2018,7,Alemania,10582,1655,73,12310,2945,15255
2018,7,Francia,1999,238,48,2285,739,3024
2018,7,Reino Unido,3870,754,48,4672,1906,6578
2018,7,Irlanda,250,124,0,374,249,623
2018,7,Italia,433,197,43,673,451,1124
2018,7,Suecia,74,27,4,105,183,288
2018,7,Noruega,74,28,5,107,136,243
2018,7,Dinamarca,148,6,0,154,184,338
2018,7,Finlandia,39,15,10,64,25,89
2018,7,Suiza,359,91,14,464,162,626
2018,7,Austria,491,51,0,542,100,642
2018,7,Rusia,315,67,13,395,227,622
2018,7,Países del Este,1229,373,36,1638,342,1980
2018,7,Resto de Europa,2740,567,23,3330,1109,4439
2018,7,USA,83,9,0,92,49,141
2018,7,Resto de América,166,103,0,269,147,416
2018,7,Resto del Mundo,1312,114,17,1443,246,1689
2018,7,TOTAL,55045,10284,1772,67101,25027,92128
2018,8,España,31105,6503,1195,38803,15760,54563
2018,8,Holanda,756,356,15,1127,846,1973
2018,8,Bélgica,732,65,7,804,140,944
2018,8,Alemania,10758,1955,56,12769,2872,15641
2018,8,Francia,2137,310,34,2481,871,3352
2018,8,Reino Unido,3412,558,77,4047,1872,5919
2018,8,Irlanda,265,139,5,409,280,689
2018,8,Italia,581,331,67,979,663,1642
2018,8,Suecia,42,26,5,73,113,186
2018,8,Noruega,21,17,2,40,85,125
2018,8,Dinamarca,65,20,3,88,100,188
2018,8,Finlandia,16,8,0,24,10,34
2018,8,Suiza,257,86,7,350,99,449
2018,8,Austria,305,50,1,356,88,444
2018,8,Rusia,331,92,16,439,253,692
2018,8,Países del Este,1491,472,25,1988,370,2358
2018,8,Resto de Europa,2985,514,23,3522,1077,4599
2018,8,USA,89,30,1,120,118,238
2018,8,Resto de América,148,94,10,252,172,424
2018,8,Resto del Mundo,1387,131,16,1534,275,1809
2018,8,TOTAL,56883,11757,1565,70205,26064,96269
2018,9,España,23470,5014,1236,29720,10786,40506
2018,9,Holanda,410,183,7,600,409,1009
2018,9,Bélgica,618,55,5,678,109,787
2018,9,Alemania,11069,1836,71,12976,3025,16001
2018,9,Francia,1675,243,30,1948,536,2484
2018,9,Reino Unido,5032,878,64,5974,2141,8115
2018,9,Irlanda,328,177,4,509,266,775
2018,9,Italia,492,279,58,829,483,1312
2018,9,Suecia,65,18,6,89,134,223
2018,9,Noruega,54,17,2,73,222,295
2018,9,Dinamarca,54,41,1,96,280,376
2018,9,Finlandia,33,9,10,52,171,223
2018,9,Suiza,290,83,0,373,112,485
2018,9,Austria,283,69,1,353,91,444
2018,9,Rusia,315,144,19,478,300,778
2018,9,Países del Este,1413,555,64,2032,378,2410
2018,9,Resto de Europa,2482,473,18,2973,1092,4065
2018,9,USA,97,17,5,119,81,200
2018,9,Resto de América,177,83,13,273,222,495
2018,9,Resto del Mundo,1352,273,13,1638,192,1830
2018,9,TOTAL,49709,10447,1627,61783,21030,82813
2018,10,España,22093,4354,1158,27605,8239,35844
2018,10,Holanda,436,124,1,561,363,924
2018,10,Bélgica,419,36,3,458,40,498
2018,10,Alemania,11685,1813,64,13562,3209,16771
2018,10,Francia,1741,326,38,2105,506,2611
2018,10,Reino Unido,5779,770,71,6620,1738,8358
2018,10,Irlanda,250,119,2,371,145,516
2018,10,Italia,426,247,40,713,433,1146
2018,10,Suecia,396,75,4,475,645,1120
2018,10,Noruega,177,64,10,251,364,615
2018,10,Dinamarca,198,56,0,254,420,674
2018,10,Finlandia,628,136,20,784,1683,2467
2018,10,Suiza,431,104,10,545,176,721
2018,10,Austria,328,92,0,420,91,511
2018,10,Rusia,434,124,28,586,363,949
2018,10,Países del Este,954,259,30,1243,422,1665
2018,10,Resto de Europa,2236,318,25,2579,892,3471
2018,10,USA,82,46,4,132,40,172
2018,10,Resto de América,151,106,17,274,141,415
2018,10,Resto del Mundo,641,124,16,781,138,919
2018,10,TOTAL,49485,9293,1541,60319,20048,80367
2018,11,España,15126,3622,1430,20178,4362,24540
2018,11,Holanda,313,191,17,521,160,681
2018,11,Bélgica,312,61,4,377,55,432
2018,11,Alemania,13800,2605,153,16558,3185,19743
2018,11,Francia,849,199,58,1106,201,1307
2018,11,Reino Unido,5782,515,94,6391,1214,7605
2018,11,Irlanda,289,66,7,362,93,455
2018,11,Italia,370,185,74,629,287,916
2018,11,Suecia,903,288,28,1219,733,1952
2018,11,Noruega,182,50,2,234,314,548
2018,11,Dinamarca,531,113,0,644,673,1317
2018,11,Finlandia,1032,353,24,1409,2511,3920
2018,11,Suiza,416,88,6,510,97,607
2018,11,Austria,411,108,12,531,127,658
2018,11,Rusia,339,100,38,477,150,627
2018,11,Países del Este,794,193,63,1050,194,1244
2018,11,Resto de Europa,1404,275,20,1699,715,2414
2018,11,USA,79,16,3,98,23,121
2018,11,Resto de América,109,33,13,155,78,233
2018,11,Resto del Mundo,650,256,14,920,91,1011
2018,11,TOTAL,43691,9317,2060,55068,15263,70331
2018,12,España,16166,3355,1250,20771,4592,25363
2018,12,Holanda,318,116,8,442,274,716
2018,12,Bélgica,373,50,10,433,101,534
2018,12,Alemania,11041,2017,149,13207,3290,16497
2018,12,Francia,1126,172,65,1363,378,1741
2018,12,Reino Unido,4783,607,126,5516,1539,7055
2018,12,Irlanda,209,77,10,296,127,423
2018,12,Italia,499,139,55,693,289,982
2018,12,Suecia,616,286,15,917,925,1842
2018,12,Noruega,230,81,0,311,434,745
2018,12,Dinamarca,515,182,14,711,613,1324
2018,12,Finlandia,1013,291,42,1346,2254,3600
2018,12,Suiza,284,72,17,373,112,485
2018,12,Austria,404,97,4,505,165,670
2018,12,Rusia,310,86,21,417,188,605
2018,12,Países del Este,772,230,42,1044,270,1314
2018,12,Resto de Europa,1506,263,28,1797,628,2425
2018,12,USA,93,17,7,117,60,177
2018,12,Resto de América,100,51,2,153,104,257
2018,12,Resto del Mundo,678,194,24,896,229,1125
2018,12,TOTAL,41036,8383,1889,51308,16572,67880
2018,13,España,254142,54457,15948,324547,107591,432138
2018,13,Holanda,5258,2000,145,7403,4830,12233
2018,13,Bélgica,5422,606,71,6099,965,7064
2018,13,Alemania,139767,22737,1224,163728,34578,198306
2018,13,Francia,17669,2800,584,21053,7011,28064
2018,13,Reino Unido,51922,8004,1020,60946,19321,80267
2018,13,Irlanda,3162,1271,68,4501,2212,6713
2018,13,Italia,5581,2409,677,8667,4725,13392
2018,13,Suecia,5143,1733,136,7012,6142,13154
2018,13,Noruega,1838,544,59,2441,2914,5355
2018,13,Dinamarca,3149,838,53,4040,4796,8836
2018,13,Finlandia,6377,1694,179,8250,15366,23616
2018,13,Suiza,3919,1064,114,5097,1491,6588
2018,13,Austria,6949,878,41,7868,1277,9145
2018,13,Rusia,3527,1014,299,4840,2724,7564
2018,13,Países del Este,10517,3354,495,14366,3799,18165
2018,13,Resto de Europa,21864,4166,262,26292,9223,35515
2018,13,USA,1172,297,83,1552,685,2237
2018,13,Resto de América,1694,895,113,2702,1564,4266
2018,13,Resto del Mundo,10731,1590,188,12509,2053,14562
2018,13,TOTAL,559803,112351,21759,693913,233267,927180
2019,1,España,13138,2580,1177,16895,3415,20310
2019,1,Holanda,350,121,19,490,168,658
2019,1,Bélgica,408,73,12,493,109,602
2019,1,Alemania,12320,1760,128,14208,2982,17190
2019,1,Francia,1207,247,79,1533,245,1778
2019,1,Reino Unido,5589,506,97,6192,1541,7733
2019,1,Irlanda,288,77,10,375,164,539
2019,1,Italia,526,192,44,762,326,1088
2019,1,Suecia,759,329,18,1106,886,1992
2019,1,Noruega,224,116,8,348,597,945
2019,1,Dinamarca,750,134,25,909,822,1731
2019,1,Finlandia,874,284,43,1201,2643,3844
2019,1,Suiza,308,51,15,374,182,556
2019,1,Austria,405,68,0,473,150,623
2019,1,Rusia,389,113,43,545,249,794
2019,1,Países del Este,876,131,63,1070,385,1455
2019,1,Resto de Europa,1602,181,37,1820,650,2470
2019,1,USA,98,19,3,120,25,145
2019,1,Resto de América,277,79,13,369,113,482
2019,1,Resto del Mundo,579,226,23,828,150,978
2019,1,TOTAL,40967,7287,1857,50111,15802,65913
2019,2,España,14216,2926,1210,18352,3661,22013
2019,2,Holanda,262,155,21,438,203,641
2019,2,Bélgica,283,72,8,363,63,426
2019,2,Alemania,11100,1631,146,12877,2430,15307
2019,2,Francia,1465,303,76,1844,519,2363
2019,2,Reino Unido,5438,709,106,6253,1334,7587
2019,2,Irlanda,258,51,13,322,176,498
2019,2,Italia,344,167,66,577,369,946
2019,2,Suecia,604,177,13,794,779,1573
2019,2,Noruega,229,97,11,337,439,776
2019,2,Dinamarca,595,98,1,694,576,1270
2019,2,Finlandia,906,295,40,1241,2261,3502
2019,2,Suiza,270,60,10,340,66,406
2019,2,Austria,441,73,13,527,110,637
2019,2,Rusia,243,65,21,329,185,514
2019,2,Países del Este,622,114,60,796,443,1239
2019,2,Resto de Europa,2085,228,44,2357,657,3014
2019,2,USA,111,16,14,141,34,175
2019,2,Resto de América,226,49,8,283,80,363
2019,2,Resto del Mundo,822,88,29,939,155,1094
2019,2,TOTAL,40520,7374,1910,49804,14540,64344
2019,3,España,16375,3453,1329,21157,6453,27610
2019,3,Holanda,308,105,9,422,292,714
2019,3,Bélgica,343,89,16,448,91,539
2019,3,Alemania,13298,2038,139,15475,2862,18337
2019,3,Francia,1581,382,94,2057,334,2391
2019,3,Reino Unido,5505,647,109,6261,1451,7712
2019,3,Irlanda,297,75,4,376,141,517
2019,3,Italia,372,202,79,653,284,937
2019,3,Suecia,940,314,16,1270,1071,2341
2019,3,Noruega,373,82,22,477,561,1038
2019,3,Dinamarca,721,102,12,835,987,1822
2019,3,Finlandia,1084,284,30,1398,2501,3899
2019,3,Suiza,288,101,13,402,81,483
2019,3,Austria,577,96,9,682,99,781
2019,3,Rusia,462,93,24,579,263,842
2019,3,Países del Este,677,96,87,860,559,1419
2019,3,Resto de Europa,1804,342,56,2202,544,2746
2019,3,USA,155,18,9,182,41,223
2019,3,Resto de América,226,30,10,266,151,417
2019,3,Resto del Mundo,1456,113,21,1590,200,1790
2019,3,TOTAL,46842,8662,2088,57592,18966,76558
2019,4,España,24721,5329,1142,31192,11655,42847
2019,4,Holanda,284,116,4,404,288,692
2019,4,Bélgica,490,62,7,559,51,610
2019,4,Alemania,8943,1209,65,10217,2242,12459
2019,4,Francia,2091,314,54,2459,1004,3463
2019,4,Reino Unido,4107,332,69,4508,1619,6127
2019,4,Irlanda,265,41,11,317,162,479
2019,4,Italia,482,187,58,727,284,1011
2019,4,Suecia,302,51,1,354,332,686
2019,4,Noruega,143,32,7,182,147,329
2019,4,Dinamarca,191,9,0,200,429,629
2019,4,Finlandia,307,69,0,376,568,944
2019,4,Suiza,283,77,5,365,96,461
2019,4,Austria,389,80,6,475,92,567
2019,4,Rusia,481,82,22,585,211,796
2019,4,Países del Este,794,154,25,973,349,1322
2019,4,Resto de Europa,1419,199,20,1638,486,2124
2019,4,USA,223,10,10,243,57,300
2019,4,Resto de América,151,43,2,196,134,330
2019,4,Resto del Mundo,432,41,10,483,210,693
2019,4,TOTAL,46498,8437,1518,56453,20416,76869
2019,5,España,27117,6209,1569,34895,11879,46774
2019,5,Holanda,261,85,7,353,196,549
2019,5,Bélgica,358,54,1,413,46,459
2019,5,Alemania,8692,1065,77,9834,1785,11619
2019,5,Francia,1576,193,44,1813,644,2457
2019,5,Reino Unido,3650,382,63,4095,1219,5314
2019,5,Irlanda,208,34,6,248,142,390
2019,5,Italia,411,104,57,572,324,896
2019,5,Suecia,62,11,0,73,37,110
2019,5,Noruega,36,11,0,47,11,58
2019,5,Dinamarca,23,4,0,27,169,196
2019,5,Finlandia,31,1,1,33,65,98
2019,5,Suiza,296,119,1,416,80,496
2019,5,Austria,328,20,7,355,83,438
2019,5,Rusia,436,52,17,505,192,697
2019,5,Países del Este,1061,161,39,1261,327,1588
2019,5,Resto de Europa,1362,201,29,1592,595,2187
2019,5,USA,156,18,10,184,46,230
2019,5,Resto de América,168,61,10,239,173,412
2019,5,Resto del Mundo,314,75,9,398,139,537
2019,5,TOTAL,46546,8860,1947,57353,18152,75505
2019,6,España,29653,6910,1749,38312,14076,52388
2019,6,Holanda,313,116,0,429,303,732
2019,6,Bélgica,494,53,0,547,56,603
2019,6,Alemania,10054,1045,41,11140,2022,13162
2019,6,Francia,1522,210,42,1774,458,2232
2019,6,Reino Unido,4202,589,49,4840,1117,5957
2019,6,Irlanda,225,79,1,305,224,529
2019,6,Italia,421,205,45,671,320,991
2019,6,Suecia,46,20,3,69,123,192
2019,6,Noruega,64,18,4,86,118,204
2019,6,Dinamarca,19,7,0,26,161,187
2019,6,Finlandia,12,12,5,29,49,78
2019,6,Suiza,264,42,14,320,58,378
2019,6,Austria,253,18,1,272,63,335
2019,6,Rusia,358,53,18,429,238,667
2019,6,Países del Este,1075,162,21,1258,433,1691
2019,6,Resto de Europa,1595,245,23,1863,614,2477
2019,6,USA,104,17,9,130,52,182
2019,6,Resto de América,88,84,17,189,148,337
2019,6,Resto del Mundo,394,41,17,452,154,606
2019,6,TOTAL,51156,9926,2059,63141,20787,83928
2019,7,España,31885,5123,1511,38519,14954,53473
2019,7,Holanda,716,240,5,961,854,1815
2019,7,Bélgica,789,54,3,846,154,1000
2019,7,Alemania,7960,911,56,8927,2411,11338
2019,7,Francia,1741,229,21,1991,813,2804
2019,7,Reino Unido,5344,712,32,6088,1434,7522
2019,7,Irlanda,329,40,0,369,228,597
2019,7,Italia,604,170,44,818,373,1191
2019,7,Suecia,77,36,0,113,300,413
2019,7,Noruega,122,21,0,143,120,263
2019,7,Dinamarca,85,29,0,114,387,501
2019,7,Finlandia,15,0,0,15,52,67
2019,7,Suiza,298,44,13,355,127,482
2019,7,Austria,338,40,9,387,107,494
2019,7,Rusia,535,62,10,607,289,896
2019,7,Países del Este,1304,270,37,1611,366,1977
2019,7,Resto de Europa,2447,330,18,2795,875,3670
2019,7,USA,110,25,0,135,38,173
2019,7,Resto de América,110,100,8,218,197,415
2019,7,Resto del Mundo,572,49,9,630,151,781
2019,7,TOTAL,55381,8485,1776,65642,24230,89872
2019,8,España,36207,5934,1609,43750,14958,58708
2019,8,Holanda,618,292,2,912,882,1794
2019,8,Bélgica,542,88,6,636,92,728
2019,8,Alemania,8309,1306,266,9881,2362,12243
2019,8,Francia,2448,299,58,2805,807,3612
2019,8,Reino Unido,4634,684,354,5672,1727,7399
2019,8,Irlanda,254,93,13,360,234,594
2019,8,Italia,869,291,89,1249,603,1852
2019,8,Suecia,53,19,7,79,171,250
2019,8,Noruega,53,23,0,76,55,131
2019,8,Dinamarca,62,27,1,90,235,325
2019,8,Finlandia,15,6,1,22,3,25
2019,8,Suiza,121,29,9,159,50,209
2019,8,Austria,281,46,2,329,81,410
2019,8,Rusia,391,91,21,503,210,713
2019,8,Países del Este,1245,181,14,1440,303,1743
2019,8,Resto de Europa,2662,360,29,3051,1077,4128
2019,8,USA,79,26,0,105,63,168
2019,8,Resto de América,176,80,6,262,185,447
2019,8,Resto del Mundo,392,79,10,481,252,733
2019,8,TOTAL,59411,9954,2497,71862,24350,96212
2019,9,España,26381,4356,906,31643,11750,43393
2019,9,Holanda,480,99,10,589,316,905
2019,9,Bélgica,411,46,5,462,136,598
2019,9,Alemania,9111,1503,110,10724,2212,12936
2019,9,Francia,1721,255,49,2025,621,2646
2019,9,Reino Unido,5456,831,143,6430,1914,8344
2019,9,Irlanda,371,38,7,416,194,610
2019,9,Italia,652,214,66,932,482,1414
2019,9,Suecia,49,5,5,59,144,203
2019,9,Noruega,60,21,0,81,124,205
2019,9,Dinamarca,15,21,0,36,250,286
2019,9,Finlandia,18,6,9,33,157,190
2019,9,Suiza,284,60,6,350,91,441
2019,9,Austria,335,31,0,366,53,419
2019,9,Rusia,452,160,115,727,355,1082
2019,9,Países del Este,1293,258,52,1603,343,1946
2019,9,Resto de Europa,2469,320,136,2925,917,3842
2019,9,USA,80,10,5,95,63,158
2019,9,Resto de América,115,99,6,220,180,400
2019,9,Resto del Mundo,400,57,21,478,176,654
2019,9,TOTAL,50153,8390,1651,60194,20478,80672
2019,10,España,24833,3797,971,29601,8298,37899
2019,10,Holanda,532,53,15,600,192,792
2019,10,Bélgica,345,22,6,373,56,429
2019,10,Alemania,8642,1090,100,9832,2144,11976
2019,10,Francia,2340,248,82,2670,451,3121
2019,10,Reino Unido,5139,646,61,5846,1431,7277
2019,10,Irlanda,300,46,1,347,109,456
2019,10,Italia,671,237,56,964,479,1443
2019,10,Suecia,505,60,8,573,906,1479
2019,10,Noruega,205,30,8,243,360,603
2019,10,Dinamarca,222,18,3,243,648,891
2019,10,Finlandia,771,86,5,862,1752,2614
2019,10,Suiza,444,54,13,511,117,628
2019,10,Austria,297,56,5,358,81,439
2019,10,Rusia,390,115,39,544,262,806
2019,10,Países del Este,780,224,55,1059,287,1346
2019,10,Resto de Europa,2344,315,150,2809,616,3425
2019,10,USA,110,13,4,127,52,179
2019,10,Resto de América,259,99,12,370,256,626
2019,10,Resto del Mundo,677,124,12,813,289,1102
2019,10,TOTAL,49806,7333,1606,58745,18786,77531
2019,11,España,18291,3916,1021,23228,6139,29367
2019,11,Holanda,479,111,24,614,136,750
2019,11,Bélgica,342,42,11,395,70,465
2019,11,Alemania,11585,1949,136,13670,2441,16111
2019,11,Francia,1410,422,115,1947,422,2369
2019,11,Reino Unido,4961,721,116,5798,1196,6994
2019,11,Irlanda,286,92,15,393,129,522
2019,11,Italia,607,224,118,949,232,1181
2019,11,Suecia,972,168,16,1156,1261,2417
2019,11,Noruega,358,67,5,430,354,784
2019,11,Dinamarca,480,63,2,545,871,1416
2019,11,Finlandia,1293,167,15,1475,2412,3887
2019,11,Suiza,452,72,17,541,75,616
2019,11,Austria,411,125,5,541,133,674
2019,11,Rusia,270,86,77,433,144,577
2019,11,Países del Este,559,193,66,818,228,1046
2019,11,Resto de Europa,1504,234,113,1851,516,2367
2019,11,USA,124,18,9,151,44,195
2019,11,Resto de América,166,86,16,268,111,379
2019,11,Resto del Mundo,416,76,20,512,148,660
2019,11,TOTAL,44966,8832,1917,55715,17062,72777
2019,12,España,19554,3349,783,23686,6227,29913
2019,12,Holanda,426,89,23,538,169,707
2019,12,Bélgica,378,45,12,435,67,502
2019,12,Alemania,9420,1670,190,11280,2784,14064
2019,12,Francia,1392,266,72,1730,320,2050
2019,12,Reino Unido,5114,627,157,5898,1379,7277
2019,12,Irlanda,229,60,13,302,148,450
2019,12,Italia,732,179,92,1003,275,1278
2019,12,Suecia,967,194,35,1196,1193,2389
2019,12,Noruega,298,69,18,385,422,807
2019,12,Dinamarca,410,65,22,497,709,1206
2019,12,Finlandia,1112,144,33,1289,2391,3680
2019,12,Suiza,376,149,10,535,125,660
2019,12,Austria,316,91,6,413,145,558
2019,12,Rusia,281,61,32,374,216,590
2019,12,Países del Este,634,175,37,846,252,1098
2019,12,Resto de Europa,1590,187,126,1903,536,2439
2019,12,USA,99,19,9,127,39,166
2019,12,Resto de América,133,77,18,228,121,349
2019,12,Resto del Mundo,730,80,16,826,283,1109
2019,12,TOTAL,44191,7596,1704,53491,17801,71292
2019,13,España,282371,53882,14977,351230,113465,464695
2019,13,Holanda,5029,1582,139,6750,3999,10749
2019,13,Bélgica,5183,700,87,5970,991,6961
2019,13,Alemania,119434,17177,1454,138065,28677,166742
2019,13,Francia,20494,3368,786,24648,6638,31286
2019,13,Reino Unido,59139,7386,1356,67881,17362,85243
2019,13,Irlanda,3310,726,94,4130,2051,6181
2019,13,Italia,6691,2372,814,9877,4351,14228
2019,13,Suecia,5336,1384,122,6842,7203,14045
2019,13,Noruega,2165,587,83,2835,3308,6143
2019,13,Dinamarca,3573,577,66,4216,6244,10460
2019,13,Finlandia,6438,1354,182,7974,14854,22828
2019,13,Suiza,3684,858,126,4668,1148,5816
2019,13,Austria,4371,744,63,5178,1197,6375
2019,13,Rusia,4688,1033,439,6160,2814,8974
2019,13,Países del Este,10920,2119,556,13595,4275,17870
2019,13,Resto de Europa,22883,3142,781,26806,8083,34889
2019,13,USA,1449,209,82,1740,554,2294
2019,13,Resto de América,2095,887,126,3108,1849,4957
2019,13,Resto del Mundo,7184,1049,197,8430,2307,10737
2019,13,TOTAL,576437,101136,22530,700103,231370,931473
2020,1,España,15446,2647,873,18966,3935,22901
2020,1,Holanda,298,96,29,423,120,543
2020,1,Bélgica,339,49,13,401,63,464
2020,1,Alemania,9991,1557,291,11839,2427,14266
2020,1,Francia,1606,395,120,2121,283,2404
2020,1,Gran Bretaña,5891,727,190,6808,1350,8158
2020,1,Irlanda,266,81,21,368,156,524
2020,1,Italia,543,205,94,842,256,1098
2020,1,Suecia,884,170,21,1075,1221,2296
2020,1,Noruega,267,84,12,363,434,797
2020,1,Dinamarca,603,119,10,732,676,1408
2020,1,Finlandia,1337,238,49,1624,2769,4393
2020,1,Suiza,256,117,28,401,88,489
2020,1,Austria,364,108,27,499,126,625
2020,1,Rusia,402,80,73,555,256,811
2020,1,Países del Este,608,108,45,761,290,1051
2020,1,Resto de Europa,1951,280,215,2446,461,2907
2020,1,Estados Unidos,101,52,3,156,36,192
2020,1,Resto de América,157,104,36,297,125,422
2020,1,Resto del Mundo,559,59,47,665,170,835
2020,1,TOTAL,41869,7276,2197,51342,15242,66584
2020,2,España,17138,3070,740,20948,4790,25738
2020,2,Holanda,518,68,11,597,178,775
2020,2,Bélgica,340,42,14,396,53,449
2020,2,Alemania,9792,1416,287,11495,2330,13825
2020,2,Francia,2288,452,107,2847,532,3379
2020,2,Gran Bretaña,5423,732,166,6321,1225,7546
2020,2,Irlanda,250,62,16,328,108,436
2020,2,Italia,445,121,101,667,215,882
2020,2,Suecia,786,111,17,914,1044,1958
2020,2,Noruega,247,44,10,301,304,605
2020,2,Dinamarca,505,86,11,602,569,1171
2020,2,Finlandia,928,104,18,1050,2023,3073
2020,2,Suiza,278,108,7,393,97,490
2020,2,Austria,385,108,21,514,88,602
2020,2,Rusia,247,64,65,376,164,540
2020,2,Países del Este,478,98,56,632,274,906
2020,2,Resto de Europa,1759,173,277,2209,383,2592
2020,2,Estados Unidos,123,17,5,145,15,160
2020,2,Resto de América,228,54,37,319,97,416
2020,2,Resto del Mundo,1581,86,9,1676,219,1895
2020,2,TOTAL,43739,7016,1975,52730,14708,67438
2020,3,España,5574,1066,384,7024,2279,9303
2020,3,Holanda,234,17,0,251,47,298
2020,3,Bélgica,236,38,5,279,32,311
2020,3,Alemania,3957,618,117,4692,1165,5857
2020,3,Francia,598,128,43,769,136,905
2020,3,Gran Bretaña,2472,253,12,2737,467,3204
2020,3,Irlanda,97,26,5,128,47,175
2020,3,Italia,87,16,19,122,70,192
2020,3,Suecia,269,36,0,305,386,691
2020,3,Noruega,66,14,5,85,147,232
2020,3,Dinamarca,225,43,10,278,404,682
2020,3,Finlandia,502,64,17,583,944,1527
2020,3,Suiza,96,35,0,131,41,172
2020,3,Austria,103,31,0,134,55,189
2020,3,Rusia,87,23,24,134,84,218
2020,3,Países del Este,136,59,14,209,115,324
2020,3,Resto de Europa,611,50,46,707,173,880
2020,3,Estados Unidos,33,5,5,43,6,49
2020,3,Resto de América,164,3,33,200,69,269
2020,3,Resto del Mundo,160,21,5,186,80,266
2020,3,TOTAL,15707,2546,744,18997,6747,25744
